13358 21104 0
13359 21105 0
13360 21106 0
13361 21107 0
13362 21108 0
13363 21109 0
13364 21110 0
13365 21111 0
13366 21112 0
13367 21113 0
13368 21114 0
13369 21115 0
13370 21116 0
13371 21117 0
13372 21118 0
13373 21119 0
13374 21120 0
13375 21121 0
13378 21122 0
13379 21123 0
13380 21124 0
13381 21125 0
13382 21126 0
13383 21127 0
13384 21128 0
13385 21129 0
13386 21130 0
13387 21131 0
13388 21132 0
13389 21133 0
13390 21134 0
13391 21135 0
13392 21136 0
13393 21137 0
13394 21138 0
13395 21139 0
13396 21123 0
13397 21124 0
13398 21125 0
13399 21126 0
13400 21140 0
13401 21141 0
13402 21142 0
13403 21143 0
13404 21130 0
13405 21131 0
13406 21144 0
13407 21145 0
13408 21134 0
13409 21146 0
13410 21135 0
13411 21136 0
13412 21137 0
13413 21147 0
13451 21148 0
13452 21149 0
13455 21150 0
13456 21151 0
13458 21152 0
13459 21153 0
13460 21154 0
13461 21155 0
13462 21156 0
13463 21157 0
13464 21158 0
13465 21159 0
13466 21160 0
13467 21161 0
13468 21162 0
13469 21163 0
13470 21164 0
13472 21165 0
13473 21166 0
13474 21167 0
13475 21168 0
13476 21169 0
13460 21170 0
13478 21171 0
13479 21172 0
13480 21148 0
13482 21173 0
13483 21174 0
13484 21175 0
13487 21176 0
13488 21177 0
13489 21178 0
13490 21179 0
13491 21180 0
13492 21181 0
13493 21182 0
13494 21183 0
13495 21184 0
13497 21185 0
13499 21186 0
13501 21187 0
13502 21188 0
13503 21189 0
13504 21190 0
13506 21191 0
13508 21192 0
13510 21193 0
13512 21194 0
13529 21195 0
13530 21196 0
13532 21197 0
13533 21197 0
13534 21197 0
13535 21197 0
13536 21197 0
13537 21197 0
13542 21198 0
13546 21197 0
13548 21197 0
13550 21197 0
13551 21197 0
13552 21199 0
13553 21197 0
13554 21197 0
13555 21197 0
13556 21197 0
13557 21197 0
13558 21197 0
