13358 12485 3
13359 12757 3
13360 12757 3
13361 12757 3
13362 12763 3
13363 12763 3
13364 12763 3
13365 12811 3
13366 13252 3
13367 13252 3
13368 12838 3
13369 12664 3
13370 12329 3
13371 12865 3
13372 12865 3
13373 12825 3
13374 12826 3
13375 12757 3
13378 12757 3
13378 12664 3
13378 12838 3
13378 12825 3
13379 12823 3
13380 12823 3
13381 12535 3
13382 12535 3
13383 12911 3
13384 12911 3
13385 13026 3
13386 12295 3
13387 12295 3
13388 12635 3
13389 12613 3
13390 12613 3
13391 12613 3
13392 12392 3
13393 12466 3
13394 12416 3
13395 12373 3
13396 12181 3
13397 12181 3
13398 12970 3
13399 12970 3
13400 12793 3
13401 12793 3
13402 12236 3
13403 12334 3
13404 12343 3
13405 12343 3
13406 12739 3
13407 13074 3
13408 13074 3
13409 13074 3
13410 13074 3
13411 12900 3
13412 12653 3
13413 12189 3
13414 12416 3
13415 12930 3
13416 12311 3
13417 13195 3
13418 13195 3
13419 12154 3
13420 12925 3
13421 12630 3
13422 13054 3
13423 12812 3
13424 12310 3
13425 12310 3
13426 12980 3
13427 12565 3
13428 13020 3
13429 12458 3
13430 12961 3
13431 13077 3
13432 12464 3
13433 12337 3
13434 12544 3
13435 13197 3
13436 12287 3
13437 12414 3
13438 12396 3
13439 12552 3
13440 12270 3
13441 12827 3
13442 13098 3
13443 12230 3
13444 12211 3
13445 12461 3
13449 12293 3
13450 12293 3
13463 12671 3
13464 12757 3
13465 12811 3
13487 12311 3
13490 13022 3
13491 13022 3
13492 13022 3
13493 13022 3
13494 13022 3
13495 13022 3
13497 13022 3
13499 13022 3
13501 13022 3
13502 13022 3
13503 13022 3
13504 13022 3
13506 13022 3
13508 13022 3
13510 13022 3
13512 13022 3
