14416 14611 4
14417 14611 4
14418 14611 4
14419 14611 4
14420 14611 4
14421 14611 4
14422 14611 4
14423 14611 4
14424 14611 4
14425 14611 4
14426 14611 4
14427 14611 4
14428 14613 4
14429 14613 4
14430 14613 4
14431 14615 4
14432 14615 4
14433 14615 4
14434 14615 4
14435 14615 4
14436 14611 4
14437 14613 4
14438 14613 4
14439 14608 4
14440 14608 4
14441 14608 4
14442 14608 4
14443 14600 4
14444 14600 4
14445 14603 4
14446 14603 4
14447 14603 4
14448 14603 4
14449 14614 4
14450 14614 4
14451 14612 4
14452 14612 4
14453 14612 4
14454 14612 4
14455 14612 4
14456 14609 4
14457 14609 4
14458 14609 4
14459 14615 4
14460 14615 4
14461 14615 4
14462 14615 4
14463 14615 4
14464 14615 4
14465 14613 4
14466 14615 4
14467 14613 4
14468 14608 4
14469 14608 4
14470 14608 4
14471 14608 4
14472 14608 4
14473 14611 4
14474 14613 4
14475 14600 4
14476 14600 4
14477 14600 4
14478 14608 4
14479 14608 4
14480 14600 4
14481 14600 4
14482 14600 4
14483 14600 4
14484 14600 4
14485 14600 4
14486 14600 4
14487 14600 4
14488 14609 4
14489 14609 4
14490 14609 4
14491 14609 4
14492 14609 4
14493 14600 4
14494 14600 4
14495 14600 4
14496 14600 4
14497 14600 4
14498 14600 4
14499 14600 4
14500 14600 4
14501 14600 4
14502 14600 4
14507 14600 4
14508 14603 4
14509 14611 4
14510 14611 4
14511 14611 4
14512 14611 4
14513 14611 4
14514 14611 4
14515 14611 4
14516 14611 4
14517 14613 4
14518 14613 4
14519 14613 4
14520 14613 4
14521 14613 4
14522 14613 4
14523 14615 4
14524 14615 4
14525 14615 4
14526 14615 4
14527 14615 4
14528 14615 4
14529 14615 4
14530 14615 4
14531 14615 4
14532 14615 4
14533 14615 4
14534 14615 4
14535 14615 4
14536 14615 4
14537 14615 4
14538 14615 4
14539 14615 4
14540 14615 4
14541 14615 4
14542 14608 4
14543 14608 4
14544 14608 4
14545 14608 4
14546 14608 4
14547 14608 4
14548 14608 4
14549 14608 4
14550 14608 4
14551 14608 4
14552 14608 4
14553 14608 4
14554 14608 4
14555 14608 4
14556 14603 4
14557 14603 4
14558 14603 4
14559 14603 4
14560 14603 4
14561 14614 4
14562 14604 4
14563 14604 4
14564 14604 4
14565 14604 4
14566 14604 4
14567 14601 4
14568 14601 4
14569 14602 4
14570 14610 4
14571 14610 4
14572 14610 4
14573 14610 4
14574 14610 4
14575 14605 4
14576 14607 4
14577 14615 4
14578 14615 4
14579 14615 4
14580 14615 4
14581 14615 4
14582 14615 4
14583 14615 4
14584 14613 4
14585 14613 4
14586 14613 4
14587 14613 4
14588 14608 4
14589 14608 4
14590 14608 4
14591 14608 4
14592 14603 4
14593 14609 4
14594 14608 4
14595 14613 4
14596 14612 4
14597 14609 4
14598 14609 4
14599 14609 4
