12142 13263 4
12143 13255 4
12144 13254 4
12145 13254 4
12146 13255 4
12148 13254 4
12149 13255 4
12150 13255 4
12151 13255 4
12152 13255 4
12153 13255 4
12154 13256 4
12155 13254 4
12156 13254 4
12157 13255 4
12158 13255 4
12159 13255 4
12160 13255 4
12161 13264 4
12162 13255 4
12163 13254 4
12164 13254 4
12165 13255 4
12166 13254 4
12167 13263 4
12168 13255 4
12169 13254 4
12170 13254 4
12171 13254 4
12172 13264 4
12173 13264 4
12175 13259 4
12176 13255 4
12177 13255 4
12178 13255 4
12179 13254 4
12180 13261 4
12181 13255 4
12182 13254 4
12183 13254 4
12184 13259 4
12185 13255 4
12186 13254 4
12187 13262 4
12188 13254 4
12189 13255 4
12190 13255 4
12191 13259 4
12192 13254 4
12193 13254 4
12194 13264 4
12195 13263 4
12196 13255 4
12197 13255 4
12198 13255 4
12199 13254 4
12200 13255 4
12201 13255 4
12202 13258 4
12203 13254 4
12204 13261 4
12205 13255 4
12206 13258 4
12207 13255 4
12208 13264 4
12209 13255 4
12210 13258 4
12211 13261 4
12212 13254 4
12213 13254 4
12214 13254 4
12215 13267 4
12216 13255 4
12217 13255 4
12218 13255 4
12219 13255 4
12220 13264 4
12221 13255 4
12222 13254 4
12223 13254 4
12224 13266 4
12225 13254 4
12226 13258 4
12227 13254 4
12228 13255 4
12229 13254 4
12230 13254 4
12231 13264 4
12232 13267 4
12233 13255 4
12234 13264 4
12235 13263 4
12236 13255 4
12237 13263 4
12238 13264 4
12239 13257 4
12240 13255 4
12241 13255 4
12242 13263 4
12243 13258 4
12244 13254 4
12245 13254 4
12246 13255 4
12247 13255 4
12248 13267 4
12249 13254 4
12250 13255 4
12251 13255 4
12252 13254 4
12253 13261 4
12254 13255 4
12255 13254 4
12256 13254 4
12257 13255 4
12258 13254 4
12259 13255 4
12260 13255 4
12261 13258 4
12262 13254 4
12263 13254 4
12264 13259 4
12265 13259 4
12266 13255 4
12267 13255 4
12268 13264 4
12269 13255 4
12270 13255 4
12271 13254 4
12272 13258 4
12273 13257 4
12274 13254 4
12275 13255 4
12276 13254 4
12277 13255 4
12278 13263 4
12279 13254 4
12280 13255 4
12281 13254 4
12282 13258 4
12283 13254 4
12284 13255 4
12285 13254 4
12286 13258 4
12288 13255 4
12290 13255 4
12291 13255 4
12292 13255 4
12293 13254 4
12294 13255 4
12295 13255 4
12296 13254 4
12297 13264 4
12298 13255 4
12299 13255 4
12300 13264 4
12301 13261 4
12302 13254 4
12303 13254 4
12304 13255 4
12305 13255 4
12306 13255 4
12307 13259 4
12308 13263 4
12309 13255 4
12311 13254 4
12312 13254 4
12313 13255 4
12314 13254 4
12315 13267 4
12316 13255 4
12317 13264 4
12318 13254 4
12320 13267 4
12321 13255 4
12322 13255 4
12323 13254 4
12324 13254 4
12325 13259 4
12326 13254 4
12327 13255 4
12328 13255 4
12329 13259 4
12330 13254 4
12331 13255 4
12332 13255 4
12333 13266 4
12334 13255 4
12335 13255 4
12336 13255 4
12337 13255 4
12338 13254 4
12340 13254 4
12341 13266 4
12342 13264 4
12343 13255 4
12344 13255 4
12345 13254 4
12346 13254 4
12347 13255 4
12348 13259 4
12349 13264 4
12350 13254 4
12351 13254 4
12352 13255 4
12353 13254 4
12354 13254 4
12355 13254 4
12356 13259 4
12357 13257 4
12358 13254 4
12359 13254 4
12360 13258 4
12361 13254 4
12362 13263 4
12363 13255 4
12364 13254 4
12365 13258 4
12366 13255 4
12367 13258 4
12368 13254 4
12369 13263 4
12370 13255 4
12371 13254 4
12372 13254 4
12373 13255 4
12374 13255 4
12375 13255 4
12376 13255 4
12377 13254 4
12378 13255 4
12379 13255 4
12380 13254 4
12381 13264 4
12382 13264 4
12383 13254 4
12384 13254 4
12385 13254 4
12386 13255 4
12387 13264 4
12388 13254 4
12389 13255 4
12390 13254 4
12391 13254 4
12392 13255 4
12393 13254 4
12394 13254 4
12395 13255 4
12396 13255 4
12397 13254 4
12398 13255 4
12399 13255 4
12400 13254 4
12401 13254 4
12402 13261 4
12403 13255 4
12404 13255 4
12405 13255 4
12406 13255 4
12407 13254 4
12408 13257 4
12409 13255 4
12410 13254 4
12411 13255 4
12412 13254 4
12413 13255 4
12414 13255 4
12415 13254 4
12417 13264 4
12418 13254 4
12419 13255 4
12420 13267 4
12421 13254 4
12422 13254 4
12423 13263 4
12424 13257 4
12425 13254 4
12426 13255 4
12427 13255 4
12428 13264 4
12429 13264 4
12430 13254 4
12431 13254 4
12432 13255 4
12433 13255 4
12434 13255 4
12435 13255 4
12436 13254 4
12437 13254 4
12438 13261 4
12439 13254 4
12440 13266 4
12441 13255 4
12442 13255 4
12443 13255 4
12444 13254 4
12445 13264 4
12446 13254 4
12447 13255 4
12448 13264 4
12449 13255 4
12450 13254 4
12451 13255 4
12452 13255 4
12453 13267 4
12454 13258 4
12455 13255 4
12456 13263 4
12457 13255 4
12458 13261 4
12459 13263 4
12460 13254 4
12461 13261 4
12462 13264 4
12463 13255 4
12464 13263 4
12465 13263 4
12466 13255 4
12467 13255 4
12468 13255 4
12469 13263 4
12470 13254 4
12471 13254 4
12472 13255 4
12473 13255 4
12474 13254 4
12475 13254 4
12476 13254 4
12477 13257 4
12478 13255 4
12479 13255 4
12480 13255 4
12481 13254 4
12482 13254 4
12483 13255 4
12484 13254 4
12485 13254 4
12486 13254 4
12487 13255 4
12488 13255 4
12489 13267 4
12490 13254 4
12491 13255 4
12492 13259 4
12493 13255 4
12494 13255 4
12495 13254 4
12496 13267 4
12497 13254 4
12498 13255 4
12499 13255 4
12500 13254 4
12501 13254 4
12502 13254 4
12503 13255 4
12504 13255 4
12505 13254 4
12506 13254 4
12507 13266 4
12508 13254 4
12509 13254 4
12510 13255 4
12511 13255 4
12512 13255 4
12513 13255 4
12514 13267 4
12515 13255 4
12516 13255 4
12517 13264 4
12518 13254 4
12519 13259 4
12520 13254 4
12521 13254 4
12523 13254 4
12524 13254 4
12525 13255 4
12526 13255 4
12527 13264 4
12528 13254 4
12529 13254 4
12530 13255 4
12531 13255 4
12532 13254 4
12533 13255 4
12534 13255 4
12535 13255 4
12536 13254 4
12537 13254 4
12538 13255 4
12539 13254 4
12540 13254 4
12541 13255 4
12542 13255 4
12543 13254 4
12544 13255 4
12545 13255 4
12546 13255 4
12547 13267 4
12548 13255 4
12549 13254 4
12550 13255 4
12551 13255 4
12552 13255 4
12553 13254 4
12554 13254 4
12555 13255 4
12556 13255 4
12557 13264 4
12558 13267 4
12559 13255 4
12560 13267 4
12561 13267 4
12562 13254 4
12563 13255 4
12564 13255 4
12565 13255 4
12566 13254 4
12567 13267 4
12568 13267 4
12569 13261 4
12570 13255 4
12571 13261 4
12572 13264 4
12573 13254 4
12574 13254 4
12575 13255 4
12576 13254 4
12577 13255 4
12578 13254 4
12579 13267 4
12580 13255 4
12581 13255 4
12582 13255 4
12583 13254 4
12584 13254 4
12585 13254 4
12586 13254 4
12588 13255 4
12589 13255 4
12590 13263 4
12591 13255 4
12592 13255 4
12593 13261 4
12594 13255 4
12595 13255 4
12596 13267 4
12597 13264 4
12598 13255 4
12599 13255 4
12600 13254 4
12601 13255 4
12602 13254 4
12603 13255 4
12604 13267 4
12605 13254 4
12606 13263 4
12607 13254 4
12608 13254 4
12609 13254 4
12610 13266 4
12612 13254 4
12613 13255 4
12614 13254 4
12615 13254 4
12616 13264 4
12617 13264 4
12618 13264 4
12619 13254 4
12620 13263 4
12621 13254 4
12622 13254 4
12623 13255 4
12624 13259 4
12625 13255 4
12626 13263 4
12627 13254 4
12628 13255 4
12629 13254 4
12630 13265 4
12631 13255 4
12632 13254 4
12633 13254 4
12634 13263 4
12635 13255 4
12636 13255 4
12637 13255 4
12638 13258 4
12639 13264 4
12640 13263 4
12641 13267 4
12642 13255 4
12643 13255 4
12644 13254 4
12645 13255 4
12646 13255 4
12647 13254 4
12648 13254 4
12649 13255 4
12650 13267 4
12651 13254 4
12652 13255 4
12653 13255 4
12654 13263 4
12655 13255 4
12656 13255 4
12657 13255 4
12658 13255 4
12659 13254 4
12660 13254 4
12661 13254 4
12662 13255 4
12663 13257 4
12664 13255 4
12665 13267 4
12666 13255 4
12667 13255 4
12668 13254 4
12669 13267 4
12670 13255 4
12671 13254 4
12672 13254 4
12673 13254 4
12674 13255 4
12675 13255 4
12676 13254 4
12677 13254 4
12678 13255 4
12679 13263 4
12680 13255 4
12681 13254 4
12682 13255 4
12683 13263 4
12684 13254 4
12685 13254 4
12686 13255 4
12687 13267 4
12688 13254 4
12689 13264 4
12690 13254 4
12691 13255 4
12692 13264 4
12693 13254 4
12694 13267 4
12695 13255 4
12696 13264 4
12697 13254 4
12698 13255 4
12699 13255 4
12700 13255 4
12701 13255 4
12702 13267 4
12703 13254 4
12704 13255 4
12705 13264 4
12706 13254 4
12707 13255 4
12708 13261 4
12709 13255 4
12710 13254 4
12711 13254 4
12712 13264 4
12713 13254 4
12714 13254 4
12715 13254 4
12716 13255 4
12717 13255 4
12718 13254 4
12719 13264 4
12720 13254 4
12721 13257 4
12722 13266 4
12723 13255 4
12724 13259 4
12725 13254 4
12726 13254 4
12727 13259 4
12728 13255 4
12729 13254 4
12730 13254 4
12731 13258 4
12732 13255 4
12733 13254 4
12734 13262 4
12735 13255 4
12736 13266 4
12737 13254 4
12738 13264 4
12739 13255 4
12740 13263 4
12741 13254 4
12742 13255 4
12743 13255 4
12744 13254 4
12745 13263 4
12746 13254 4
12747 13254 4
12748 13255 4
12749 13264 4
12750 13264 4
12751 13254 4
12752 13267 4
12753 13264 4
12754 13254 4
12756 13254 4
12757 13255 4
12758 13255 4
12759 13255 4
12760 13254 4
12761 13255 4
12762 13254 4
12763 13255 4
12764 13255 4
12765 13255 4
12766 13255 4
12767 13267 4
12768 13254 4
12769 13255 4
12770 13254 4
12771 13264 4
12772 13254 4
12773 13267 4
12774 13263 4
12775 13255 4
12776 13255 4
12777 13267 4
12778 13255 4
12779 13255 4
12780 13255 4
12781 13255 4
12782 13264 4
12783 13254 4
12784 13255 4
12785 13254 4
12786 13255 4
12787 13263 4
12788 13255 4
12789 13255 4
12790 13254 4
12791 13267 4
12792 13255 4
12793 13255 4
12794 13255 4
12795 13254 4
12796 13254 4
12797 13255 4
12798 13264 4
12799 13258 4
12800 13254 4
12801 13255 4
12802 13254 4
12803 13255 4
12804 13255 4
12805 13254 4
12806 13255 4
12807 13255 4
12808 13264 4
12809 13254 4
12810 13254 4
12811 13255 4
12813 13254 4
12814 13267 4
12815 13255 4
12816 13254 4
12818 13263 4
12819 13255 4
12820 13255 4
12821 13254 4
12822 13254 4
12823 13255 4
12824 13267 4
12825 13259 4
12826 13259 4
12828 13257 4
12829 13254 4
12830 13254 4
12831 13254 4
12832 13254 4
12833 13255 4
12834 13254 4
12835 13254 4
12836 13255 4
12837 13255 4
12838 13255 4
12839 13254 4
12840 13264 4
12841 13254 4
12842 13254 4
12843 13255 4
12844 13255 4
12845 13255 4
12846 13255 4
12847 13254 4
12848 13255 4
12849 13255 4
12850 13254 4
12851 13254 4
12852 13255 4
12853 13254 4
12854 13255 4
12855 13255 4
12856 13264 4
12857 13267 4
12858 13255 4
12859 13259 4
12860 13255 4
12861 13264 4
12862 13255 4
12863 13254 4
12864 13254 4
12865 13259 4
12866 13255 4
12867 13254 4
12868 13254 4
12869 13254 4
12870 13254 4
12871 13255 4
12872 13255 4
12873 13254 4
12874 13261 4
12875 13255 4
12876 13255 4
12877 13262 4
12878 13255 4
12879 13267 4
12880 13254 4
12881 13254 4
12882 13257 4
12883 13254 4
12884 13263 4
12885 13254 4
12886 13254 4
12887 13255 4
12888 13254 4
12889 13255 4
12890 13258 4
12891 13254 4
12892 13254 4
12893 13255 4
12894 13255 4
12895 13261 4
12896 13255 4
12897 13262 4
12898 13255 4
12899 13255 4
12900 13255 4
12901 13255 4
12902 13254 4
12903 13254 4
12904 13255 4
12905 13259 4
12906 13254 4
12907 13254 4
12908 13255 4
12909 13255 4
12910 13254 4
12911 13255 4
12912 13255 4
12913 13254 4
12914 13264 4
12915 13255 4
12916 13255 4
12917 13264 4
12918 13255 4
12919 13260 4
12920 13264 4
12921 13255 4
12922 13255 4
12923 13255 4
12924 13255 4
12925 13255 4
12926 13254 4
12927 13254 4
12928 13254 4
12929 13255 4
12930 13254 4
12931 13255 4
12932 13263 4
12933 13255 4
12934 13255 4
12935 13255 4
12936 13255 4
12937 13255 4
12938 13254 4
12940 13255 4
12941 13254 4
12942 13267 4
12943 13255 4
12944 13255 4
12945 13263 4
12946 13255 4
12948 13264 4
12949 13255 4
12950 13254 4
12951 13254 4
12952 13254 4
12953 13254 4
12954 13255 4
12955 13255 4
12956 13255 4
12957 13255 4
12958 13254 4
12959 13257 4
12960 13254 4
12961 13261 4
12962 13254 4
12963 13257 4
12964 13263 4
12965 13262 4
12966 13254 4
12967 13254 4
12968 13254 4
12969 13255 4
12970 13255 4
12971 13255 4
12972 13263 4
12974 13254 4
12975 13255 4
12976 13266 4
12977 13267 4
12978 13254 4
12979 13254 4
12980 13254 4
12981 13256 4
12982 13254 4
12983 13255 4
12984 13254 4
12985 13256 4
12986 13255 4
12987 13255 4
12988 13254 4
12989 13255 4
12990 13264 4
12991 13266 4
12992 13255 4
12993 13255 4
12994 13255 4
12995 13255 4
12996 13255 4
12997 13255 4
12998 13264 4
12999 13255 4
13000 13255 4
13001 13254 4
13002 13255 4
13003 13254 4
13004 13255 4
13005 13267 4
13006 13255 4
13007 13263 4
13008 13255 4
13009 13254 4
13010 13255 4
13011 13254 4
13012 13254 4
13013 13255 4
13014 13259 4
13015 13255 4
13016 13255 4
13017 13254 4
13018 13254 4
13019 13255 4
13020 13267 4
13021 13254 4
13022 13255 4
13023 13257 4
13024 13255 4
13025 13255 4
13026 13255 4
13027 13255 4
13028 13255 4
13029 13264 4
13030 13254 4
13031 13255 4
13032 13267 4
13033 13257 4
13034 13254 4
13035 13255 4
13036 13254 4
13037 13255 4
13038 13264 4
13039 13256 4
13040 13255 4
13041 13255 4
13042 13254 4
13043 13255 4
13044 13259 4
13045 13254 4
13046 13254 4
13047 13254 4
13048 13254 4
13049 13255 4
13050 13264 4
13051 13255 4
13052 13255 4
13053 13255 4
13054 13257 4
13055 13254 4
13056 13255 4
13057 13255 4
13058 13255 4
13059 13254 4
13060 13254 4
13061 13255 4
13062 13267 4
13063 13263 4
13064 13254 4
13065 13267 4
13066 13255 4
13067 13263 4
13068 13267 4
13069 13254 4
13070 13263 4
13071 13254 4
13072 13254 4
13073 13255 4
13074 13255 4
13075 13254 4
13076 13255 4
13077 13263 4
13078 13264 4
13079 13255 4
13080 13254 4
13081 13263 4
13082 13258 4
13083 13255 4
13084 13254 4
13085 13255 4
13086 13264 4
13087 13254 4
13088 13254 4
13089 13255 4
13090 13254 4
13091 13255 4
13092 13255 4
13093 13255 4
13094 13254 4
13096 13254 4
13097 13254 4
13098 13254 4
13099 13255 4
13100 13255 4
13101 13255 4
13102 13254 4
13103 13254 4
13104 13264 4
13105 13254 4
13106 13254 4
13107 13254 4
13108 13254 4
13109 13255 4
13110 13264 4
13111 13263 4
13112 13254 4
13113 13259 4
13114 13254 4
13115 13254 4
13116 13255 4
13117 13254 4
13118 13255 4
13119 13255 4
13120 13255 4
13121 13254 4
13122 13254 4
13123 13255 4
13124 13255 4
13125 13255 4
13126 13254 4
13127 13258 4
13128 13264 4
13129 13254 4
13130 13255 4
13131 13255 4
13132 13255 4
13133 13254 4
13134 13254 4
13135 13267 4
13136 13255 4
13137 13255 4
13138 13255 4
13139 13254 4
13140 13256 4
13141 13254 4
13142 13267 4
13143 13255 4
13144 13254 4
13145 13264 4
13146 13255 4
13147 13255 4
13148 13263 4
13149 13258 4
13150 13255 4
13151 13254 4
13152 13255 4
13153 13255 4
13154 13255 4
13155 13257 4
13156 13254 4
13157 13254 4
13158 13255 4
13159 13254 4
13160 13254 4
13161 13259 4
13162 13266 4
13163 13255 4
13164 13264 4
13165 13254 4
13166 13254 4
13167 13254 4
13168 13254 4
13169 13254 4
13170 13254 4
13171 13255 4
13172 13263 4
13173 13254 4
13174 13263 4
13175 13254 4
13176 13255 4
13177 13257 4
13178 13255 4
13179 13254 4
13180 13255 4
13181 13254 4
13182 13254 4
13183 13264 4
13184 13254 4
13185 13255 4
13186 13254 4
13187 13264 4
13188 13254 4
13189 13255 4
13190 13255 4
13191 13267 4
13192 13254 4
13193 13254 4
13194 13255 4
13195 13255 4
13196 13254 4
13198 13255 4
13199 13254 4
13200 13254 4
13201 13255 4
13202 13263 4
13203 13263 4
13204 13255 4
13205 13264 4
13206 13263 4
13207 13254 4
13208 13255 4
13209 13255 4
13210 13255 4
13211 13267 4
13212 13254 4
13213 13255 4
13214 13255 4
13215 13254 4
13216 13264 4
13217 13255 4
13218 13255 4
13219 13254 4
13220 13264 4
13221 13267 4
13222 13264 4
13223 13263 4
13224 13255 4
13225 13263 4
13226 13255 4
13227 13255 4
13228 13255 4
13229 13255 4
13230 13267 4
13231 13264 4
13232 13254 4
13233 13255 4
13234 13255 4
13235 13255 4
13236 13254 4
13237 13255 4
13238 13255 4
13239 13263 4
13240 13263 4
13241 13254 4
13242 13254 4
13243 13255 4
13244 13254 4
13245 13263 4
13246 13264 4
13247 13254 4
13248 13254 4
13249 13254 4
13250 13255 4
13251 13255 4
13252 13255 4
13253 13255 4
