0 341 4
1 341 4
2 341 4
3 341 4
4 341 4
5 344 4
6 341 4
7 341 4
8 341 4
9 341 4
10 341 4
11 341 4
12 341 4
13 341 4
14 341 4
15 345 4
16 341 4
17 341 4
18 341 4
19 341 4
20 341 4
21 342 4
22 346 4
23 341 4
24 341 4
25 341 4
26 341 4
27 341 4
28 341 4
29 341 4
30 341 4
31 341 4
32 341 4
33 341 4
34 347 4
35 344 4
36 346 4
37 350 4
38 344 4
39 347 4
40 346 4
41 349 4
42 348 4
43 344 4
44 344 4
45 345 4
46 345 4
47 348 4
48 347 4
49 347 4
50 347 4
51 343 4
52 343 4
53 343 4
54 343 4
55 343 4
56 343 4
57 343 4
58 343 4
59 343 4
60 343 4
61 343 4
62 343 4
63 343 4
64 343 4
65 350 4
66 350 4
67 350 4
68 350 4
69 343 4
70 350 4
71 350 4
72 350 4
73 350 4
74 350 4
75 350 4
76 350 4
77 347 4
78 347 4
79 347 4
80 347 4
81 347 4
82 347 4
83 347 4
84 350 4
85 350 4
86 350 4
87 350 4
88 347 4
89 347 4
90 347 4
91 347 4
92 347 4
93 342 4
94 342 4
95 342 4
96 342 4
97 342 4
98 342 4
99 342 4
100 342 4
101 342 4
102 342 4
103 342 4
104 342 4
105 342 4
106 342 4
107 342 4
108 342 4
109 342 4
110 342 4
111 342 4
112 342 4
113 342 4
114 342 4
115 341 4
116 342 4
117 342 4
118 342 4
119 342 4
120 342 4
121 342 4
122 342 4
123 342 4
124 342 4
125 342 4
126 342 4
127 342 4
128 342 4
129 342 4
130 342 4
131 342 4
132 342 4
133 342 4
134 342 4
135 342 4
136 342 4
137 342 4
138 342 4
139 342 4
140 342 4
141 342 4
142 342 4
143 342 4
144 342 4
145 345 4
146 342 4
147 342 4
148 342 4
149 342 4
150 348 4
151 342 4
152 347 4
153 350 4
154 347 4
155 347 4
156 347 4
157 347 4
158 343 4
159 343 4
160 343 4
161 348 4
162 347 4
163 347 4
164 344 4
165 344 4
166 347 4
167 347 4
168 344 4
169 344 4
170 347 4
171 344 4
172 344 4
173 347 4
174 347 4
175 347 4
176 347 4
177 344 4
178 347 4
179 347 4
180 347 4
181 345 4
182 347 4
183 347 4
184 347 4
185 347 4
186 347 4
187 347 4
188 347 4
189 347 4
190 347 4
191 347 4
192 347 4
193 344 4
194 344 4
195 344 4
196 349 4
197 344 4
198 344 4
199 347 4
200 344 4
201 344 4
202 344 4
203 347 4
204 347 4
205 347 4
206 347 4
207 347 4
208 348 4
209 347 4
210 347 4
211 344 4
212 344 4
213 344 4
214 344 4
215 344 4
216 344 4
217 344 4
218 347 4
219 349 4
220 344 4
221 346 4
222 347 4
223 344 4
224 349 4
225 347 4
226 347 4
227 347 4
228 347 4
229 347 4
230 347 4
231 347 4
232 347 4
233 344 4
234 344 4
235 349 4
236 348 4
237 348 4
238 348 4
239 348 4
240 348 4
241 347 4
242 347 4
243 347 4
244 347 4
245 347 4
246 347 4
247 347 4
248 347 4
249 347 4
250 347 4
251 344 4
252 344 4
253 347 4
254 343 4
255 348 4
256 348 4
257 348 4
258 347 4
259 344 4
260 347 4
261 348 4
262 347 4
263 347 4
264 347 4
265 344 4
266 343 4
267 345 4
268 348 4
269 345 4
270 347 4
271 347 4
272 347 4
273 347 4
274 347 4
275 347 4
276 347 4
277 347 4
278 347 4
279 347 4
280 347 4
281 347 4
282 347 4
283 344 4
284 344 4
285 347 4
286 347 4
287 347 4
288 347 4
289 348 4
290 348 4
291 348 4
292 348 4
293 348 4
294 347 4
295 343 4
296 347 4
297 348 4
298 344 4
299 344 4
300 344 4
301 344 4
302 344 4
303 344 4
304 344 4
305 344 4
306 344 4
307 344 4
308 345 4
309 345 4
310 345 4
311 345 4
312 345 4
313 345 4
314 345 4
315 347 4
316 347 4
317 347 4
318 347 4
319 347 4
320 347 4
321 347 4
322 344 4
323 344 4
324 344 4
325 347 4
326 347 4
327 344 4
328 343 4
329 347 4
330 347 4
331 343 4
332 346 4
333 347 4
334 347 4
335 347 4
336 347 4
337 347 4
338 348 4
339 347 4
340 350 4
