131 0 5
132 0 5
124 0 5
183 0 5
182 0 5
184 0 5
131 2 5
132 2 5
124 2 5
183 2 5
182 2 5
184 2 5
131 3 5
132 3 5
124 3 5
183 3 5
182 3 5
184 3 5
131 4 5
132 4 5
124 4 5
183 4 5
182 4 5
184 4 5
8 7 5
203 7 5
204 7 5
3 7 5
4 7 5
10 7 5
12 7 5
254 7 5
266 7 5
187 7 5
131 8 5
12 8 5
12 10 5
210 10 5
306 10 5
305 10 5
185 12 5
306 12 5
206 12 5
177 12 5
170 12 5
153 12 5
172 12 5
174 12 5
199 12 5
198 12 5
173 12 5
178 12 5
200 12 5
201 12 5
251 12 5
250 12 5
245 12 5
188 12 5
253 12 5
244 12 5
259 12 5
247 12 5
212 12 5
162 12 5
163 12 5
164 12 5
165 12 5
203 12 5
204 12 5
205 12 5
238 12 5
239 12 5
305 12 5
220 12 5
216 12 5
266 12 5
254 12 5
187 12 5
247 13 5
250 13 5
253 13 5
244 13 5
170 13 5
185 13 5
187 13 5
306 13 5
259 13 5
251 13 5
245 13 5
188 13 5
212 13 5
282 13 5
283 13 5
285 13 5
286 13 5
288 13 5
289 13 5
290 13 5
291 13 5
292 13 5
238 13 5
239 13 5
293 13 5
177 13 5
295 13 5
192 13 5
131 16 5
132 16 5
124 16 5
183 16 5
182 16 5
184 16 5
306 16 5
131 17 5
132 17 5
124 17 5
183 17 5
182 17 5
184 17 5
131 18 5
132 18 5
124 18 5
183 18 5
182 18 5
184 18 5
131 19 5
132 19 5
124 19 5
183 19 5
182 19 5
184 19 5
131 20 5
132 20 5
124 20 5
183 20 5
182 20 5
184 20 5
131 21 5
124 22 5
125 22 5
130 22 5
135 22 5
133 22 5
311 22 5
313 22 5
309 22 5
314 22 5
182 22 5
183 22 5
184 22 5
131 23 5
132 23 5
124 23 5
183 23 5
182 23 5
184 23 5
131 25 5
132 25 5
124 25 5
183 25 5
182 25 5
184 25 5
306 25 5
131 26 5
185 27 5
306 27 5
206 27 5
177 27 5
16 27 5
170 27 5
153 27 5
172 27 5
174 27 5
199 27 5
198 27 5
173 27 5
178 27 5
200 27 5
201 27 5
251 27 5
250 27 5
245 27 5
188 27 5
253 27 5
244 27 5
259 27 5
247 27 5
239 27 5
238 27 5
212 27 5
162 27 5
163 27 5
164 27 5
165 27 5
203 27 5
204 27 5
205 27 5
131 27 5
305 27 5
35 27 5
230 27 5
186 27 5
231 27 5
187 27 5
232 27 5
254 27 5
236 27 5
240 27 5
266 27 5
216 27 5
247 28 5
259 28 5
250 28 5
253 28 5
244 28 5
170 28 5
185 28 5
187 28 5
239 28 5
238 28 5
306 28 5
185 32 5
266 32 5
254 32 5
230 32 5
306 32 5
206 32 5
177 32 5
170 32 5
172 32 5
174 32 5
199 32 5
198 32 5
173 32 5
178 32 5
200 32 5
201 32 5
251 32 5
250 32 5
245 32 5
188 32 5
253 32 5
244 32 5
259 32 5
247 32 5
239 32 5
238 32 5
212 32 5
162 32 5
163 32 5
164 32 5
165 32 5
203 32 5
204 32 5
205 32 5
227 32 5
161 32 5
35 32 5
290 32 5
292 32 5
291 32 5
295 32 5
16 33 5
27 33 5
203 33 5
35 33 5
27 43 5
37 43 5
47 49 5
51 50 5
52 51 5
56 51 5
82 51 5
52 53 5
56 53 5
51 53 5
82 53 5
52 54 5
56 54 5
69 54 5
70 54 5
56 55 5
54 55 5
48 55 5
67 56 5
69 56 5
65 56 5
52 56 5
60 58 5
65 67 5
71 67 5
70 67 5
77 67 5
66 68 5
77 68 5
65 69 5
71 69 5
70 69 5
77 69 5
65 70 5
71 70 5
77 70 5
65 71 5
77 71 5
78 80 5
79 80 5
81 82 5
65 83 5
71 83 5
47 84 5
48 84 5
152 86 5
170 86 5
173 86 5
178 86 5
180 86 5
214 87 5
204 98 5
204 99 5
93 101 5
94 101 5
95 101 5
96 101 5
97 101 5
98 101 5
99 101 5
100 101 5
204 101 5
93 102 5
94 102 5
95 102 5
96 102 5
97 102 5
98 102 5
99 102 5
100 102 5
103 102 5
104 102 5
106 102 5
93 103 5
94 103 5
95 103 5
96 103 5
97 103 5
98 103 5
99 103 5
100 103 5
104 103 5
106 103 5
93 104 5
94 104 5
95 104 5
96 104 5
97 104 5
98 104 5
99 104 5
100 104 5
93 105 5
94 105 5
95 105 5
96 105 5
97 105 5
98 105 5
99 105 5
100 105 5
102 105 5
103 105 5
104 105 5
106 105 5
108 105 5
93 108 5
94 108 5
95 108 5
96 108 5
97 108 5
98 108 5
99 108 5
100 108 5
102 108 5
103 108 5
104 108 5
106 108 5
93 112 5
94 112 5
95 112 5
96 112 5
97 112 5
98 112 5
99 112 5
100 112 5
102 112 5
103 112 5
104 112 5
105 112 5
106 112 5
107 112 5
108 112 5
93 113 5
94 113 5
95 113 5
96 113 5
97 113 5
98 113 5
99 113 5
100 113 5
102 113 5
103 113 5
104 113 5
105 113 5
106 113 5
107 113 5
108 113 5
93 115 5
94 115 5
95 115 5
96 115 5
97 115 5
98 115 5
99 115 5
100 115 5
101 115 5
102 115 5
103 115 5
104 115 5
105 115 5
106 115 5
107 115 5
108 115 5
109 115 5
110 115 5
111 115 5
112 115 5
113 115 5
114 115 5
117 115 5
93 116 5
94 116 5
95 116 5
96 116 5
97 116 5
98 116 5
99 116 5
100 116 5
101 116 5
102 116 5
103 116 5
104 116 5
105 116 5
106 116 5
107 116 5
108 116 5
109 116 5
110 116 5
111 116 5
112 116 5
113 116 5
114 116 5
93 117 5
94 117 5
95 117 5
96 117 5
97 117 5
98 117 5
99 117 5
100 117 5
101 117 5
102 117 5
103 117 5
104 117 5
105 117 5
106 117 5
107 117 5
108 117 5
109 117 5
110 117 5
111 117 5
112 117 5
113 117 5
114 117 5
93 119 5
94 119 5
95 119 5
96 119 5
97 119 5
99 119 5
100 119 5
93 120 5
94 120 5
95 120 5
96 120 5
97 120 5
99 120 5
100 120 5
119 120 5
98 121 5
99 121 5
98 122 5
99 122 5
182 124 5
183 124 5
184 124 5
225 124 5
226 124 5
124 126 5
125 126 5
130 126 5
135 126 5
133 126 5
311 126 5
313 126 5
309 126 5
314 126 5
93 129 5
94 129 5
95 129 5
96 129 5
97 129 5
98 129 5
99 129 5
100 129 5
124 129 5
125 129 5
130 129 5
135 129 5
133 129 5
311 129 5
313 129 5
309 129 5
314 129 5
119 129 5
120 129 5
121 129 5
122 129 5
127 129 5
128 129 5
134 129 5
136 129 5
139 129 5
182 129 5
183 129 5
184 129 5
124 130 5
182 130 5
183 130 5
184 130 5
309 130 5
225 130 5
226 130 5
93 131 5
94 131 5
95 131 5
96 131 5
97 131 5
98 131 5
99 131 5
100 131 5
124 131 5
125 131 5
130 131 5
135 131 5
133 131 5
311 131 5
313 131 5
309 131 5
314 131 5
119 131 5
120 131 5
121 131 5
122 131 5
127 131 5
128 131 5
144 131 5
134 131 5
182 131 5
183 131 5
184 131 5
225 131 5
226 131 5
93 132 5
94 132 5
95 132 5
96 132 5
97 132 5
98 132 5
99 132 5
100 132 5
124 132 5
125 132 5
130 132 5
135 132 5
133 132 5
311 132 5
313 132 5
309 132 5
314 132 5
119 132 5
120 132 5
121 132 5
122 132 5
131 132 5
182 132 5
183 132 5
184 132 5
124 133 5
125 133 5
139 133 5
311 133 5
313 133 5
314 133 5
309 133 5
130 133 5
135 133 5
127 133 5
128 133 5
134 133 5
182 133 5
183 133 5
184 133 5
93 137 5
94 137 5
95 137 5
96 137 5
97 137 5
98 137 5
99 137 5
100 137 5
124 137 5
125 137 5
130 137 5
135 137 5
133 137 5
311 137 5
313 137 5
309 137 5
314 137 5
119 137 5
120 137 5
121 137 5
122 137 5
124 138 5
125 138 5
130 138 5
135 138 5
133 138 5
311 138 5
313 138 5
309 138 5
314 138 5
119 138 5
120 138 5
121 138 5
122 138 5
182 138 5
183 138 5
184 138 5
93 139 5
94 139 5
95 139 5
96 139 5
97 139 5
98 139 5
99 139 5
100 139 5
124 139 5
125 139 5
130 139 5
135 139 5
133 139 5
311 139 5
313 139 5
309 139 5
314 139 5
127 139 5
128 139 5
134 139 5
119 139 5
120 139 5
121 139 5
122 139 5
136 139 5
182 139 5
183 139 5
184 139 5
93 140 5
94 140 5
95 140 5
96 140 5
97 140 5
98 140 5
99 140 5
100 140 5
124 140 5
125 140 5
130 140 5
135 140 5
133 140 5
311 140 5
313 140 5
309 140 5
314 140 5
119 140 5
120 140 5
121 140 5
122 140 5
127 140 5
128 140 5
134 140 5
136 140 5
139 140 5
182 140 5
183 140 5
184 140 5
225 140 5
226 140 5
93 143 5
94 143 5
95 143 5
96 143 5
97 143 5
98 143 5
99 143 5
100 143 5
124 143 5
125 143 5
130 143 5
135 143 5
133 143 5
311 143 5
313 143 5
309 143 5
314 143 5
119 143 5
120 143 5
121 143 5
122 143 5
127 143 5
128 143 5
134 143 5
136 143 5
139 143 5
182 143 5
183 143 5
184 143 5
93 146 5
94 146 5
95 146 5
96 146 5
97 146 5
98 146 5
99 146 5
100 146 5
124 146 5
125 146 5
130 146 5
131 146 5
135 146 5
133 146 5
311 146 5
313 146 5
309 146 5
314 146 5
119 146 5
120 146 5
121 146 5
122 146 5
127 146 5
128 146 5
144 146 5
134 146 5
136 146 5
139 146 5
182 146 5
183 146 5
184 146 5
124 150 5
125 150 5
130 150 5
135 150 5
133 150 5
311 150 5
313 150 5
309 150 5
314 150 5
124 151 5
125 151 5
130 151 5
135 151 5
133 151 5
311 151 5
313 151 5
309 151 5
314 151 5
119 151 5
120 151 5
121 151 5
122 151 5
146 151 5
147 151 5
182 151 5
183 151 5
184 151 5
178 152 5
180 152 5
170 152 5
173 152 5
156 153 5
157 153 5
170 153 5
67 153 5
173 153 5
170 154 5
180 154 5
158 155 5
51 155 5
170 155 5
156 157 5
52 158 5
56 158 5
52 159 5
56 159 5
165 162 5
188 162 5
248 162 5
248 165 5
169 166 5
188 166 5
248 166 5
248 169 5
153 170 5
155 170 5
158 170 5
155 172 5
153 172 5
180 173 5
170 174 5
171 174 5
172 174 5
173 174 5
176 174 5
178 174 5
180 174 5
225 174 5
226 174 5
227 174 5
228 174 5
192 174 5
173 178 5
180 178 5
153 178 5
156 178 5
157 178 5
170 178 5
51 179 5
153 179 5
155 179 5
156 179 5
157 179 5
158 179 5
170 179 5
173 179 5
174 179 5
178 179 5
180 179 5
198 179 5
204 179 5
210 179 5
313 181 5
152 181 5
186 187 5
212 187 5
227 187 5
192 187 5
185 187 5
190 187 5
170 187 5
238 187 5
52 188 5
53 188 5
153 188 5
155 188 5
170 188 5
172 188 5
173 188 5
174 188 5
178 188 5
180 188 5
185 188 5
230 188 5
186 188 5
231 188 5
187 188 5
232 188 5
190 188 5
220 188 5
198 188 5
254 188 5
236 188 5
237 188 5
238 188 5
240 188 5
239 188 5
250 188 5
179 188 5
266 188 5
316 188 5
317 188 5
319 188 5
318 188 5
328 188 5
331 188 5
181 188 5
185 191 5
230 191 5
170 191 5
186 191 5
231 191 5
187 191 5
232 191 5
190 191 5
236 191 5
238 191 5
240 191 5
212 191 5
214 191 5
225 192 5
226 192 5
227 192 5
170 192 5
228 192 5
176 193 5
176 197 5
201 199 5
200 199 5
141 199 5
128 204 5
93 204 5
205 204 5
125 204 5
137 204 5
124 204 5
183 204 5
182 204 5
184 204 5
166 204 5
169 204 5
168 204 5
167 204 5
170 204 5
99 204 5
127 204 5
227 204 5
210 204 5
222 204 5
182 205 5
183 205 5
184 205 5
124 205 5
125 205 5
127 205 5
128 205 5
170 206 5
154 206 5
206 207 5
154 207 5
170 207 5
124 208 5
167 208 5
168 208 5
166 208 5
169 208 5
93 208 5
99 208 5
125 208 5
127 208 5
128 208 5
133 208 5
311 208 5
313 208 5
309 208 5
314 208 5
204 208 5
205 208 5
225 210 5
226 210 5
227 210 5
228 210 5
192 210 5
197 221 5
172 221 5
170 225 5
225 227 5
226 227 5
170 227 5
192 227 5
228 227 5
170 230 5
230 232 5
231 232 5
212 232 5
227 232 5
192 232 5
190 232 5
170 232 5
240 232 5
236 238 5
237 238 5
239 238 5
225 238 5
226 238 5
227 238 5
228 238 5
192 238 5
187 238 5
186 238 5
250 239 5
236 240 5
239 240 5
237 240 5
232 240 5
250 241 5
253 241 5
260 241 5
270 241 5
250 242 5
248 242 5
242 243 5
250 243 5
248 243 5
71 245 5
70 245 5
77 245 5
67 245 5
48 245 5
253 250 5
238 253 5
240 253 5
187 253 5
232 253 5
248 255 5
249 255 5
214 255 5
52 260 5
56 260 5
245 263 5
250 263 5
248 264 5
124 267 5
208 267 5
313 267 5
250 268 5
208 269 5
52 270 5
56 270 5
285 282 5
291 285 5
187 285 5
282 286 5
48 286 5
294 286 5
282 292 5
208 309 5
208 312 5
314 312 5
208 313 5
314 313 5
124 314 5
316 318 5
317 318 5
319 318 5
225 318 5
226 318 5
227 318 5
228 318 5
192 318 5
187 318 5
186 318 5
325 321 5
318 325 5
240 325 5
187 325 5
232 325 5
52 326 5
56 326 5
153 330 5
155 330 5
170 330 5
172 330 5
173 330 5
174 330 5
178 330 5
180 330 5
185 330 5
230 330 5
186 330 5
231 330 5
187 330 5
232 330 5
190 330 5
220 330 5
198 330 5
254 330 5
236 330 5
237 330 5
238 330 5
239 330 5
179 330 5
266 330 5
316 330 5
317 330 5
319 330 5
318 330 5
328 330 5
331 330 5
