11365 11366 6
11366 11367 6
11367 11368 6
11367 11369 6
11367 11370 6
11367 11371 6
11367 11372 6
11366 11373 6
11366 11374 6
11374 11375 6
11375 11376 6
11375 11377 6
11374 11378 6
11378 11379 6
11378 11380 6
11378 11381 6
11378 11382 6
11378 11383 6
11366 11384 6
11384 11385 6
11384 11386 6
11384 11387 6
11384 11388 6
11365 11389 6
11389 11390 6
11390 11391 6
11390 11392 6
11390 11393 6
11390 11394 6
11390 11395 6
11390 11396 6
11390 11397 6
11390 11398 6
11390 11399 6
11390 11400 6
11390 11401 6
11390 11402 6
11402 11403 6
11402 11404 6
11402 11405 6
11390 11406 6
11390 11407 6
11390 11408 6
11390 11409 6
11390 11410 6
11390 11411 6
11390 11412 6
11390 11413 6
11390 11414 6
11390 11415 6
11390 11416 6
11390 11417 6
11390 11418 6
11390 11419 6
11390 11420 6
11420 11421 6
11390 11422 6
11389 11423 6
11423 11424 6
11423 11425 6
11423 11426 6
11423 11427 6
11423 11428 6
11423 11429 6
11423 11430 6
11423 11431 6
11423 11432 6
11423 11433 6
11423 11434 6
11423 11435 6
11423 11436 6
11423 11437 6
11423 11438 6
11423 11439 6
11423 11440 6
11423 11441 6
11423 11442 6
11423 11443 6
11423 11444 6
11423 11445 6
11423 11446 6
11423 11447 6
11423 11448 6
11423 11449 6
11423 11450 6
11389 11451 6
11451 11452 6
11452 11453 6
11452 11454 6
11452 11455 6
11452 11456 6
11452 11457 6
11451 11458 6
11451 11459 6
11451 11460 6
11451 11461 6
11451 11462 6
11451 11463 6
11451 11464 6
11464 11465 6
11464 11466 6
11464 11467 6
11365 11468 6
11468 11469 6
11469 11470 6
11469 11471 6
11468 11472 6
11365 11473 6
11473 11474 6
11474 11475 6
11475 11476 6
11475 11477 6
11475 11478 6
11475 11479 6
11474 11480 6
11480 11481 6
11480 11482 6
11480 11483 6
11480 11484 6
11480 11485 6
11474 11486 6
11486 11487 6
11486 11488 6
11486 11489 6
11486 11490 6
11486 11491 6
11486 11492 6
11486 11493 6
11486 11494 6
11486 11495 6
11474 11496 6
11496 11497 6
11496 11498 6
11496 11499 6
11496 11500 6
11496 11501 6
11496 11502 6
11474 11503 6
11503 11504 6
11503 11505 6
11503 11506 6
11474 11507 6
11507 11508 6
11507 11509 6
11507 11510 6
11507 11476 6
11507 11512 6
11507 11513 6
11507 11514 6
11474 11515 6
11515 11516 6
11515 11517 6
11515 11518 6
11515 11519 6
11515 11520 6
11515 11521 6
11515 11522 6
11515 11523 6
11474 11524 6
11524 11525 6
11473 11526 6
11526 11527 6
11526 11528 6
11528 11529 6
11528 11530 6
11528 11531 6
11528 11532 6
11528 11533 6
11528 11534 6
11534 11535 6
11534 11536 6
11534 11537 6
11534 11538 6
11534 11539 6
11534 11540 6
11534 11541 6
11534 11542 6
11534 11543 6
11534 11544 6
11534 11545 6
11534 11546 6
11534 11547 6
11534 11548 6
11534 11549 6
11534 11550 6
11534 11551 6
11534 11552 6
11534 11553 6
11651 11554 6
11554 11555 6
11526 11556 6
11556 11557 6
11556 11558 6
11526 11559 6
11526 11560 6
11526 11561 6
11561 11562 6
11561 11563 6
11526 11564 6
11564 11565 6
11473 11566 6
11566 11567 6
11566 11568 6
11566 11569 6
11566 11570 6
11365 11571 6
11571 11572 6
11572 11573 6
11572 11574 6
11572 11575 6
11572 11576 6
11572 11577 6
11572 11578 6
11572 11579 6
11572 11580 6
11572 11581 6
11571 11582 6
11582 11583 6
11582 11584 6
11582 11585 6
11582 11586 6
11582 11587 6
11582 11588 6
11582 11589 6
11582 11590 6
11582 11591 6
11582 11592 6
11582 11593 6
11582 11594 6
11582 11595 6
11648 11596 6
11582 11597 6
11582 11598 6
11582 11599 6
11582 11600 6
11582 11601 6
11582 11602 6
11582 11603 6
11582 11604 6
11582 11605 6
11582 11606 6
11582 11607 6
11582 11608 6
11582 11609 6
11582 11610 6
11582 11611 6
11582 11612 6
11582 11613 6
11582 11614 6
11582 11615 6
11582 11616 6
11582 11617 6
11582 11618 6
11571 11619 6
11619 11620 6
11619 11621 6
11619 11622 6
11619 11623 6
11650 11624 6
11650 11625 6
11571 11626 6
11626 11627 6
11626 11628 6
11626 11629 6
11626 11630 6
11626 11631 6
11626 11632 6
11571 11633 6
11633 11634 6
11633 11635 6
11571 11636 6
11636 11637 6
11636 11638 6
11636 11639 6
11636 11640 6
11365 11641 6
11641 11642 6
11642 11643 6
11642 11644 6
11641 11645 6
11657 11646 6
11655 11647 6
11659 11661 6
11661 11662 6
11662 11663 6
11662 11664 6
11662 11665 6
11662 11666 6
11662 11667 6
11662 11668 6
11662 11669 6
11662 11670 6
11662 11671 6
11662 11672 6
11662 11673 6
11662 11674 6
11662 11675 6
11662 11676 6
11662 11677 6
11661 11678 6
11678 11679 6
11678 11680 6
11678 11681 6
11678 11682 6
11678 11683 6
11678 11684 6
11843 11685 6
11685 11686 6
11685 11687 6
11685 11688 6
11685 11689 6
11685 11690 6
11685 11691 6
11685 11692 6
11685 11693 6
11685 11694 6
11685 11695 6
11842 11696 6
11685 11697 6
11685 11698 6
11685 11699 6
11685 11700 6
11685 11701 6
11685 11702 6
11685 11703 6
11685 11704 6
11685 11705 6
11685 11706 6
11685 11707 6
11685 11708 6
11685 11709 6
11685 11710 6
11685 11711 6
11685 11712 6
11843 11713 6
11713 11714 6
11713 11715 6
11713 11716 6
11713 11717 6
11713 11718 6
11843 11719 6
11719 11720 6
11719 11721 6
11719 11722 6
11719 11723 6
11719 11724 6
11843 11725 6
11725 11726 6
11725 11727 6
11840 11728 6
11659 11729 6
11729 11730 6
11730 11731 6
11729 11732 6
11729 11733 6
11733 11734 6
11734 11735 6
11734 11736 6
11734 11737 6
11734 11738 6
11734 11739 6
11729 11740 6
11740 11741 6
11740 11742 6
11740 11743 6
11740 11744 6
11740 11745 6
11659 11746 6
11746 11747 6
11747 11748 6
11747 11749 6
11747 11750 6
11747 11751 6
11747 11752 6
11746 11753 6
11753 11754 6
11753 11755 6
11753 11756 6
11746 11757 6
11847 11758 6
11844 11759 6
11659 11760 6
11760 11761 6
11761 11762 6
11761 11763 6
11761 11764 6
11761 11765 6
11760 11766 6
11852 11767 6
11848 11768 6
11848 11769 6
11769 11770 6
11769 11771 6
11769 11772 6
11772 11773 6
11772 11774 6
11772 11775 6
11772 11776 6
11772 11777 6
11849 11778 6
11769 11779 6
11848 11780 6
11780 11781 6
11780 11782 6
11782 11783 6
11846 11784 6
11845 11785 6
11845 11786 6
11786 11787 6
11786 11788 6
11786 11789 6
11786 11790 6
11845 11792 6
11792 11793 6
11851 11794 6
11851 11795 6
11792 11796 6
11796 11797 6
11796 11798 6
11796 11799 6
11796 11800 6
11792 11801 6
11841 11774 6
11841 11803 6
11841 11804 6
11792 11805 6
11792 11806 6
11792 11807 6
11792 11808 6
11792 11809 6
11792 11810 6
11845 11811 6
11811 11812 6
11811 11813 6
11811 11814 6
11811 11815 6
11811 11816 6
11811 11817 6
11850 11818 6
11811 11819 6
11845 11820 6
11820 11821 6
11820 11822 6
11820 11823 6
11820 11824 6
11820 11825 6
11820 11826 6
11845 11827 6
11820 11828 6
11820 11829 6
11820 11830 6
11845 11831 6
11845 11832 6
11660 11833 6
11839 11834 6
11660 11835 6
11835 11836 6
11835 11837 6
11835 11838 6
11853 11854 6
11854 11855 6
11855 11856 6
11856 11857 6
11856 11858 6
11856 11859 6
11856 11860 6
11856 11861 6
11856 11862 6
11856 11863 6
11856 11864 6
11856 11865 6
11856 11866 6
11856 11867 6
11856 11868 6
11856 11869 6
11856 11870 6
11856 11871 6
11856 11872 6
11856 11873 6
11856 11874 6
11856 11875 6
11856 11876 6
11856 11877 6
11856 11878 6
11856 11879 6
11856 11880 6
11856 11881 6
11856 11882 6
11855 11883 6
11883 11884 6
11883 11885 6
11883 11886 6
11883 11887 6
11883 11888 6
11883 11889 6
11883 11890 6
11883 11891 6
11883 11892 6
11855 11893 6
11893 11894 6
11893 11895 6
11893 11896 6
11854 11897 6
12051 11898 6
11854 11899 6
11899 11900 6
11899 11901 6
11899 11902 6
11854 11903 6
11903 11904 6
11903 11905 6
11903 11906 6
11854 11907 6
11854 11908 6
11908 11909 6
11908 11910 6
11908 11911 6
11908 11912 6
11854 11913 6
11913 11914 6
11913 11915 6
11913 11916 6
11913 11917 6
11913 11918 6
11854 11919 6
11919 11920 6
11919 11921 6
11854 11922 6
11922 11923 6
11854 11924 6
12054 11925 6
12054 11926 6
11925 11927 6
11925 11928 6
11928 11929 6
11928 11930 6
12054 11931 6
11931 11912 6
11931 11933 6
12054 11934 6
11934 11935 6
11934 11936 6
12054 11937 6
11937 11938 6
11938 11939 6
11938 11940 6
11938 11941 6
11938 11942 6
11938 11943 6
11938 11944 6
12054 11945 6
11945 11946 6
11946 11857 6
11946 11858 6
11946 11949 6
11946 11860 6
11946 11951 6
11946 11862 6
11946 11953 6
11946 11865 6
11946 11866 6
11946 11868 6
11946 11957 6
11946 11958 6
11946 11959 6
11945 11960 6
11960 11961 6
11960 11962 6
11945 11963 6
11963 11964 6
11945 11965 6
11965 11884 6
11965 11885 6
11965 11886 6
11965 11969 6
11965 11888 6
11965 11889 6
11965 11972 6
11965 11973 6
11965 11974 6
11945 11975 6
11975 11976 6
11975 11977 6
11945 11978 6
11978 11979 6
11978 11980 6
11978 11981 6
11978 11982 6
11978 11983 6
11978 11984 6
11978 11985 6
11978 11986 6
11978 11987 6
11945 11988 6
11988 11989 6
11945 11990 6
11990 11991 6
11990 11992 6
11990 11993 6
11990 11994 6
11945 11995 6
12052 11996 6
12048 11997 6
12048 11998 6
12048 11999 6
11998 11857 6
11998 11858 6
11998 11949 6
11998 11860 6
11998 11861 6
11998 11862 6
11998 12006 6
11998 11865 6
11998 11866 6
11998 12009 6
12048 12010 6
12010 11884 6
12010 11885 6
12010 11886 6
12010 11888 6
12010 11889 6
12048 12016 6
12050 12017 6
12050 12018 6
12050 12019 6
12050 12020 6
12050 12021 6
12050 12022 6
12050 12023 6
12054 12024 6
12024 12025 6
12024 12026 6
12054 12027 6
12054 12028 6
12028 12029 6
12028 12030 6
12028 12031 6
12031 12032 6
12031 12033 6
12031 12034 6
12028 12035 6
12035 12036 6
12054 12037 6
12054 12038 6
12038 12039 6
12054 12040 6
12040 12041 6
12040 12042 6
12040 12043 6
12054 12044 6
12044 12045 6
12054 12046 6
12046 12047 6
12055 12056 6
12055 12057 6
12057 12058 6
12055 12059 6
12059 12060 6
12059 12061 6
12061 12062 6
12059 12063 6
12061 12064 6
12064 12065 6
12064 12066 6
12064 12067 6
12064 12068 6
12064 12069 6
12064 12070 6
12064 12071 6
12064 12072 6
12095 12073 6
12064 12074 6
12064 12075 6
12064 12076 6
12095 12077 6
12095 12078 6
12095 12079 6
12095 12080 6
12095 12081 6
12138 12082 6
12082 12083 6
12061 12084 6
12084 12085 6
12061 12086 6
12086 12087 6
12061 12088 6
12061 12089 6
12089 12071 6
12089 12091 6
12093 12093 6
12059 12094 6
12094 12095 6
12095 12065 6
12095 12097 6
12095 12098 6
12095 12099 6
12095 12069 6
12095 12070 6
12059 12102 6
12102 12103 6
12102 12104 6
12059 12105 6
12105 12106 6
12055 12107 6
12107 12108 6
12107 12109 6
12055 12110 6
12110 12111 6
12111 12112 6
12111 12113 6
12111 12114 6
12110 12115 6
12115 12116 6
12055 12117 6
12117 12118 6
12118 12119 6
12118 12120 6
12117 12121 6
12139 12122 6
12140 12095 6
12095 12124 6
12055 12125 6
12125 12126 6
12126 12127 6
12126 12128 6
12126 12129 6
12126 12065 6
12126 12066 6
12125 12132 6
12132 12133 6
12055 12134 6
12134 12135 6
12134 12136 6
