13360 13369 7
13360 13367 7
13360 13370 7
13360 13372 7
13360 13374 7
13360 13434 7
13360 13368 7
13360 13435 7
13362 13415 7
13365 13436 7
13367 13368 7
13368 13421 7
13368 13422 7
13368 13437 7
13368 13438 7
13368 13369 7
13369 13368 7
13369 13440 7
13369 13439 7
13369 13441 7
13369 13434 7
13369 13435 7
13370 13368 7
13370 13435 7
13373 13359 7
13373 13366 7
13373 13367 7
13373 13360 7
13373 13368 7
13373 13369 7
13373 13392 7
13373 13411 7
13373 13370 7
13373 13371 7
13374 13433 7
13374 13382 7
13374 13399 7
13374 13390 7
13374 13408 7
13374 13392 7
13374 13411 7
13374 13446 7
13374 13447 7
13374 13429 7
13374 13430 7
13374 13431 7
13374 13432 7
13374 13450 7
13374 13449 7
13374 13436 7
13374 13435 7
13374 13444 7
13374 13445 7
13374 13442 7
13374 13443 7
13374 13437 7
13379 13374 7
13385 13374 7
13394 13374 7
13395 13374 7
13396 13374 7
13403 13374 7
13414 13374 7
13415 13362 7
13416 13372 7
13417 13369 7
13418 13369 7
13419 13367 7
13419 13368 7
13419 13362 7
13419 13375 7
13420 13374 7
13421 13368 7
13422 13368 7
13422 13374 7
13423 13367 7
13423 13368 7
13423 13362 7
13423 13375 7
13424 13368 7
13425 13368 7
13426 13372 7
13427 13368 7
13428 13374 7
13429 13374 7
13430 13374 7
13431 13374 7
13432 13374 7
13433 13374 7
