14416 1550 8
14416 1546 8
14417 1550 8
14417 3057 8
14417 3079 8
14417 1546 8
14418 1554 8
14418 1543 8
14418 1538 8
14418 1560 8
14418 1559 8
14418 1556 8
14418 1558 8
14418 1539 8
14418 1544 8
14418 1553 8
14418 1542 8
14418 1557 8
14418 1547 8
14418 1561 8
14418 1551 8
14418 1549 8
14419 3075 8
14419 1543 8
14419 3072 8
14419 3060 8
14419 3067 8
14419 1551 8
14419 3074 8
14419 3065 8
14419 3063 8
14419 3066 8
14419 1558 8
14419 1539 8
14419 3076 8
14419 3071 8
14419 1557 8
14419 1547 8
14419 1561 8
14419 3062 8
14419 3077 8
14419 1554 8
14419 1559 8
14419 3073 8
14419 1553 8
14419 1542 8
14419 3061 8
14419 3064 8
14419 1556 8
14419 1538 8
14419 1560 8
14419 3078 8
14419 1544 8
14419 1549 8
14420 1545 8
14420 1540 8
14421 3069 8
14421 1545 8
14421 1540 8
14421 3058 8
14422 1536 8
14422 1535 8
14423 1497 8
14423 1496 8
14423 1491 8
14423 1490 8
14424 3085 8
14424 1490 8
14424 1496 8
14424 3086 8
14424 1491 8
14424 1497 8
14425 2996 8
14425 2989 8
14425 2997 8
14425 2990 8
14426 1543 8
14426 1535 8
14426 1490 8
14426 1496 8
14426 1491 8
14426 1497 8
14426 1551 8
14426 1558 8
14426 1539 8
14426 1557 8
14426 1547 8
14426 1561 8
14426 1536 8
14426 1554 8
14426 1559 8
14426 1553 8
14426 1542 8
14426 1556 8
14426 1538 8
14426 1560 8
14426 1544 8
14426 1549 8
14427 3075 8
14427 1543 8
14427 1535 8
14427 1490 8
14427 3072 8
14427 1496 8
14427 3060 8
14427 3067 8
14427 1491 8
14427 1497 8
14427 1551 8
14427 3074 8
14427 3065 8
14427 3063 8
14427 3066 8
14427 1558 8
14427 1539 8
14427 3076 8
14427 3071 8
14427 1557 8
14427 1547 8
14427 1561 8
14427 3062 8
14427 1536 8
14427 3077 8
14427 1554 8
14427 1559 8
14427 3085 8
14427 3073 8
14427 1553 8
14427 1542 8
14427 3061 8
14427 3064 8
14427 1556 8
14427 1538 8
14427 1560 8
14427 3078 8
14427 1544 8
14427 3086 8
14427 1549 8
14428 1606 8
14428 1607 8
14429 3084 8
14429 3083 8
14429 1606 8
14429 1607 8
14430 3002 8
14430 3003 8
14431 1421 8
14431 1411 8
14431 1413 8
14431 1415 8
14431 1412 8
14431 1419 8
14432 1431 8
14432 1432 8
14432 1433 8
14432 1437 8
14432 1436 8
14432 1438 8
14433 1402 8
14433 1400 8
14433 1398 8
14433 1405 8
14433 1404 8
14433 1403 8
14434 1651 8
14434 1649 8
14435 1655 8
14435 1654 8
14436 1529 8
14436 1530 8
14437 1592 8
14437 1591 8
14438 1508 8
14438 1546 8
14439 617 8
14439 606 8
14439 616 8
14440 619 8
14440 608 8
14440 618 8
14441 611 8
14441 610 8
14442 612 8
14442 613 8
14445 686 8
14445 691 8
14446 687 8
14446 690 8
14447 10329 8
14448 10328 8
14450 1197 8
14451 606 8
14452 608 8
14453 462 8
14454 463 8
14456 934 8
14456 942 8
14456 945 8
14456 928 8
14456 931 8
14456 955 8
14456 917 8
14456 960 8
14456 946 8
14456 948 8
14456 941 8
14456 915 8
14456 921 8
14456 957 8
14456 929 8
14456 940 8
14456 924 8
14456 933 8
14456 950 8
14456 944 8
14456 923 8
14456 927 8
14456 938 8
14456 926 8
14456 919 8
14456 943 8
14456 936 8
14456 954 8
14456 939 8
14456 925 8
14456 962 8
14456 956 8
14456 920 8
14456 952 8
14456 935 8
14456 953 8
14456 959 8
14456 947 8
14456 918 8
14456 951 8
14456 932 8
14456 958 8
14456 916 8
14456 937 8
14456 961 8
14456 922 8
14456 949 8
14456 930 8
14457 964 8
14459 1057 8
14459 1058 8
14460 1062 8
14460 1061 8
14461 1109 8
14461 1108 8
14462 1059 8
14462 1060 8
14463 1107 8
14463 1106 8
14464 1063 8
14464 1073 8
14465 1071 8
14465 1063 8
14465 1073 8
14465 1087 8
14466 1066 8
14466 1065 8
14467 1067 8
14467 1068 8
14468 14468 8
14469 14469 8
14470 14470 8
14471 14471 8
14472 14472 8
14495 1486 8
14495 1485 8
14496 1482 8
14496 1483 8
14497 1484 8
14497 1481 8
14498 1482 8
14498 1483 8
14498 1484 8
14498 1481 8
14499 790 8
14499 765 8
14499 766 8
14499 771 8
14499 769 8
14499 789 8
14499 767 8
14499 770 8
14499 772 8
14499 768 8
14500 783 8
14500 784 8
14500 780 8
14500 779 8
14500 782 8
14500 777 8
14500 781 8
14500 778 8
14501 765 8
14501 766 8
14501 791 8
14501 789 8
14501 776 8
14501 773 8
14501 774 8
14501 767 8
14501 775 8
14501 768 8
14502 787 8
14502 780 8
14502 779 8
14502 777 8
14502 785 8
14502 778 8
14503 801 8
14503 780 8
14503 779 8
14503 777 8
14503 778 8
14504 783 8
14504 784 8
14504 780 8
14504 802 8
14504 779 8
14504 782 8
14504 777 8
14504 781 8
14504 778 8
14505 803 8
14505 783 8
14505 784 8
14505 780 8
14505 779 8
14505 782 8
14505 777 8
14505 781 8
14505 778 8
14506 804 8
14506 783 8
14506 784 8
14506 780 8
14506 779 8
14506 782 8
14506 777 8
14506 781 8
14506 778 8
14507 765 8
14507 766 8
14507 791 8
14507 789 8
14507 776 8
14507 773 8
14507 774 8
14507 767 8
14507 775 8
14507 768 8
14508 696 8
14508 695 8
14509 3315 8
14509 3316 8
14510 3343 8
14510 3327 8
14510 3320 8
14510 3319 8
14510 3324 8
14510 3318 8
14510 3322 8
14510 3325 8
14510 3344 8
14510 3323 8
14510 3329 8
14510 3328 8
14511 3326 8
14511 3321 8
14512 3389 8
14512 3388 8
14513 3348 8
14513 3349 8
14513 3724 8
14514 3366 8
14514 3367 8
14514 3723 8
14515 3343 8
14515 3327 8
14515 3320 8
14515 3723 8
14515 3319 8
14515 3324 8
14515 3318 8
14515 3388 8
14515 3322 8
14515 3389 8
14515 3325 8
14515 3367 8
14515 3344 8
14515 3366 8
14515 3323 8
14515 3329 8
14515 3328 8
14516 9668 8
14516 9672 8
14517 3461 8
14517 3460 8
14517 3619 8
14518 3628 8
14518 3497 8
14518 3496 8
14519 3496 8
14519 4095 8
14520 3460 8
14520 4096 8
14521 9687 8
14521 9688 8
14522 9237 8
14522 14585 8
14523 5965 8
14523 5964 8
14523 5958 8
14523 5959 8
14524 6023 8
14524 6014 8
14524 6017 8
14524 6026 8
14525 5962 8
14525 5961 8
14525 5967 8
14525 5968 8
14526 6027 8
14526 6015 8
14526 6024 8
14526 6018 8
14527 5994 8
14527 5997 8
14527 5995 8
14527 5998 8
14528 6025 8
14528 6016 8
14528 6028 8
14528 6019 8
14529 6144 8
14529 6141 8
14529 6143 8
14529 6140 8
14530 5726 8
14530 5725 8
14531 5729 8
14531 5728 8
14532 5732 8
14532 5731 8
14533 5744 8
14533 5743 8
14534 5775 8
14534 5774 8
14535 5778 8
14535 5777 8
14536 5818 8
14536 5755 8
14536 5756 8
14537 5758 8
14537 5759 8
14537 5819 8
14538 5761 8
14538 5820 8
14538 5762 8
14539 9813 8
14539 9811 8
14540 9812 8
14540 9814 8
14541 9239 8
14541 9240 8
14542 4070 8
14542 4054 8
14542 4060 8
14543 4081 8
14543 4052 8
14543 4080 8
14546 4054 8
14546 4058 8
14547 4059 8
14547 4052 8
14548 6478 8
14548 6479 8
14549 6421 8
14549 6420 8
14550 6480 8
14550 6481 8
14551 6439 8
14551 6438 8
14552 9851 8
14552 9846 8
14552 9850 8
14552 9847 8
14553 9857 8
14553 9852 8
14553 9853 8
14553 9856 8
14554 9247 8
14555 9248 8
14555 9249 8
14556 5133 8
14556 5145 8
14557 5146 8
14557 5132 8
14558 5146 8
14558 5149 8
14559 9242 8
14559 5145 8
14560 9241 8
14560 5146 8
14561 3793 8
14562 4321 8
14563 4054 8
14564 4052 8
14565 5500 8
14566 5501 8
14567 9388 8
14567 10226 8
14567 9380 8
14567 9757 8
14568 9743 8
14568 9736 8
14569 9332 8
14569 9324 8
14569 9767 8
14569 9766 8
14569 9335 8
14569 9321 8
14570 9633 8
14570 9634 8
14571 9454 8
14571 9460 8
14572 9469 8
14572 9463 8
14573 9648 8
14573 9633 8
14573 9649 8
14573 9634 8
14574 9650 8
14574 9651 8
14575 9607 8
14576 9215 8
14576 9216 8
14577 5958 8
14577 5994 8
14577 5995 8
14577 5959 8
14577 5962 8
14577 5961 8
14578 5964 8
14578 5998 8
14578 5968 8
14578 5965 8
14578 5967 8
14578 5997 8
14579 9225 8
14579 9226 8
14580 9218 8
14580 9217 8
14581 9229 8
14581 9228 8
14582 9230 8
14582 9231 8
14583 9233 8
14583 9232 8
14584 3497 8
14584 3496 8
14585 14585 8
14586 4262 8
14586 3316 8
14587 9220 8
14587 9216 8
14588 14588 8
14589 14589 8
14590 14590 8
14591 14591 8
14596 6668 8
14596 6667 8
