20853 13369 9
20854 13367 9
20855 13370 9
20856 13372 9
20857 13374 9
20858 13434 9
20859 13368 9
20860 13435 9
20861 13415 9
20862 13436 9
20863 13421 9
20864 13422 9
20865 13437 9
20866 13438 9
20867 13369 9
20868 13369 9
20869 13440 9
20870 13439 9
20871 13441 9
20872 13368 9
20873 13359 9
20874 13366 9
20875 13367 9
20876 13360 9
20877 13369 9
20878 13392 9
20879 13411 9
20880 13370 9
20881 13371 9
20882 13433 9
20883 13382 9
20884 13399 9
20885 13390 9
20886 13408 9
20887 13446 9
20888 13447 9
20889 13429 9
20890 13430 9
20891 13431 9
20892 13432 9
20893 13450 9
20894 13449 9
20895 13436 9
20896 13435 9
20897 13444 9
20898 13445 9
20899 13442 9
20900 13443 9
20901 13436 9
20902 13436 9
20903 13374 9
20904 13362 9
20905 13372 9
20906 13367 9
20907 13375 9
20908 13372 9
20909 13374 9
21066 13371 9
21067 13448 9
21068 13359 9
21069 13381 9
21070 13398 9
21071 13386 9
21071 13371 9
21072 13404 9
21072 13371 9
21073 13367 9
21073 13371 9
21074 13400 9
21075 13383 9
21076 13368 9
21077 13360 9
21078 13369 9
21079 13370 9
