19438 18958 11
19439 18767 11
19440 18705 11
19441 18519 11
19442 18702 11
19443 19408 11
19444 18848 11
19445 19170 11
19446 18777 11
19447 18628 11
19448 18666 11
19449 18631 11
19450 19006 11
19451 18653 11
19452 18660 11
19453 18508 11
19454 18604 11
19455 19048 11
19456 18469 11
19457 19096 11
19458 19007 11
19459 19413 11
19460 18604 11
19461 19056 11
19462 18781 11
19463 18710 11
19464 18658 11
19465 18935 11
19466 18873 11
19467 18853 11
19468 18997 11
19469 18521 11
19470 19393 11
19471 18520 11
19472 19208 11
19473 18952 11
19474 19347 11
19475 18639 11
19476 18553 11
19477 19089 11
19478 19260 11
19479 18776 11
19480 18950 11
19481 18963 11
19482 18663 11
19483 18674 11
19484 19425 11
19485 19252 11
19486 18680 11
19487 19349 11
19488 19136 11
19489 18681 11
19490 19294 11
19491 19108 11
19492 18461 11
19493 18563 11
19494 19103 11
19495 19184 11
19496 18769 11
19497 18938 11
19498 18751 11
19499 18794 11
19500 19021 11
19501 18482 11
19502 18738 11
19503 18678 11
19504 18876 11
19505 18590 11
19506 19121 11
19507 19298 11
19508 18525 11
19509 18597 11
19510 18934 11
19511 19027 11
19512 18789 11
19513 18600 11
19514 18478 11
19515 19353 11
19516 19347 11
19517 18822 11
19518 19120 11
19519 19430 11
19520 18571 11
19521 18860 11
19522 19158 11
19523 18766 11
19524 18691 11
19525 19117 11
19526 18646 11
19527 18673 11
19528 18757 11
19529 18633 11
19530 18489 11
19531 18842 11
19532 19118 11
19533 19076 11
19534 18993 11
19535 19228 11
19536 18503 11
19537 18658 11
19538 19099 11
19539 19344 11
19540 18802 11
19541 18704 11
19542 19327 11
19543 19434 11
19544 18526 11
19545 18989 11
19546 18636 11
19547 19052 11
19548 18830 11
19549 19002 11
19550 19256 11
19551 18484 11
19552 19172 11
19553 18795 11
19554 18539 11
19555 19349 11
19556 19301 11
19557 19288 11
19558 19204 11
19559 18757 11
19560 18537 11
19561 18790 11
19562 18733 11
19563 18678 11
19564 19037 11
19565 19249 11
19566 18491 11
19567 19417 11
19568 18986 11
19569 19154 11
19570 19078 11
19571 18637 11
19572 19272 11
19573 19022 11
19574 18870 11
19575 18858 11
19576 19217 11
19577 18464 11
19578 18956 11
19579 18891 11
19580 19025 11
19581 19361 11
19582 18554 11
19583 18762 11
19584 18506 11
19585 19207 11
19586 18665 11
19587 19383 11
19588 19095 11
19589 18835 11
19590 18583 11
19591 18618 11
19592 19161 11
19593 19389 11
19594 19259 11
19595 18916 11
19596 19391 11
19597 19011 11
19598 18672 11
19599 19201 11
19600 19347 11
19601 19407 11
19602 18698 11
19603 18659 11
19604 18976 11
19605 19132 11
19606 19269 11
19607 19168 11
19608 19206 11
19609 19193 11
19610 18841 11
19611 18586 11
19612 18690 11
19613 18632 11
19614 18483 11
19615 19020 11
19616 19109 11
19617 19350 11
19618 18545 11
19619 19243 11
19620 19070 11
19621 19431 11
19622 18674 11
19623 18603 11
19624 18783 11
19625 18833 11
19626 18510 11
19627 18493 11
19628 19271 11
19629 18760 11
19630 18787 11
19631 18964 11
19632 18759 11
19633 19364 11
19634 18847 11
19635 18812 11
19636 18821 11
19637 18589 11
19638 18864 11
19639 18481 11
19640 18815 11
19641 19195 11
19642 19194 11
19643 19036 11
19644 19313 11
19645 19350 11
19646 19286 11
19647 18747 11
19648 18837 11
19649 19234 11
19650 18820 11
19651 19254 11
19652 18519 11
19653 18966 11
19654 19241 11
19655 19203 11
19656 19350 11
19657 19330 11
19658 18732 11
19659 18977 11
19660 18567 11
19661 18668 11
19662 18833 11
19663 19420 11
19664 19427 11
19665 19282 11
19666 18724 11
19667 19356 11
19668 18527 11
19669 19350 11
19670 18750 11
19671 19043 11
19672 19304 11
19673 19169 11
19674 18702 11
19675 19351 11
19676 18656 11
19677 18903 11
19678 18765 11
19679 18561 11
19680 18901 11
19681 19190 11
19682 18477 11
19683 18562 11
19684 19245 11
19685 19319 11
19686 19264 11
19687 19345 11
19688 19000 11
19689 19396 11
19690 18967 11
19691 18948 11
19692 18886 11
19693 18728 11
19694 18630 11
19695 18961 11
19696 18815 11
19697 18866 11
19698 19281 11
19699 18652 11
19700 19349 11
19701 18696 11
19702 19125 11
19703 18759 11
19704 18829 11
19705 18500 11
19706 19433 11
19707 19053 11
19708 18900 11
19709 19085 11
19710 18705 11
19711 18917 11
19712 19216 11
19713 19188 11
19714 18494 11
19715 19101 11
19716 19432 11
19717 18559 11
19718 18831 11
19719 18556 11
19720 19041 11
19721 18721 11
19722 19231 11
19723 18466 11
19724 18667 11
19725 19369 11
19726 18881 11
19727 18627 11
19728 18853 11
19729 18782 11
19730 18798 11
19731 19325 11
19732 19399 11
19733 18463 11
19734 19176 11
19735 18827 11
19736 18508 11
19737 19066 11
19738 18550 11
19739 19042 11
19740 19314 11
19741 18789 11
19742 18773 11
19743 18695 11
19744 18785 11
19745 18594 11
19746 19364 11
19747 19186 11
19748 19278 11
19749 19350 11
19750 18911 11
19751 18863 11
19752 18465 11
19753 19093 11
19754 18524 11
19755 18701 11
19756 18624 11
19757 18638 11
19758 18557 11
19759 18651 11
19760 19018 11
19761 18915 11
19762 18587 11
19763 18589 11
19764 19382 11
19765 19038 11
19766 18600 11
19767 18689 11
19768 18905 11
19769 19104 11
19770 18503 11
19771 19182 11
19772 18855 11
19773 18987 11
19774 19024 11
19775 18505 11
19776 18840 11
19777 18733 11
19778 18669 11
19779 19300 11
19780 18665 11
19781 19404 11
19782 19239 11
19783 18687 11
19784 19418 11
19785 19219 11
19786 18528 11
19787 18467 11
19788 19287 11
19789 19266 11
19790 18535 11
19791 18996 11
19792 18904 11
19793 18598 11
19794 19016 11
19795 18641 11
19796 19309 11
19797 18990 11
19798 18796 11
19799 18869 11
19800 18836 11
19801 18700 11
19802 19028 11
19803 18847 11
19804 19198 11
19805 18760 11
19806 18657 11
19807 19153 11
19808 19160 11
19809 18612 11
19810 18717 11
19811 18868 11
19812 19412 11
19813 19303 11
19814 19162 11
19815 18849 11
19816 18744 11
19817 18677 11
19818 18625 11
19819 19157 11
19820 18896 11
19821 18991 11
19822 18712 11
19823 18726 11
19824 18731 11
19825 18699 11
19826 19202 11
19827 18490 11
19828 19036 11
19829 19265 11
19830 19019 11
19831 18516 11
19832 18925 11
19833 18560 11
19834 18700 11
19835 18953 11
19836 18890 11
19837 19073 11
19838 18490 11
19839 18763 11
19840 19177 11
19841 19267 11
19842 18518 11
19843 18882 11
19844 19102 11
19845 18965 11
19846 18718 11
19847 18800 11
19848 18739 11
19849 18743 11
19850 19110 11
19851 19017 11
19852 18861 11
19853 18743 11
19854 19343 11
19855 18713 11
19856 19371 11
19857 19031 11
19858 19140 11
19859 19242 11
19860 18848 11
19861 18817 11
19862 18830 11
19863 18630 11
19864 18482 11
19865 19251 11
19866 18706 11
19867 18723 11
19868 19349 11
19869 19020 11
19870 19347 11
19871 19061 11
19872 18474 11
19873 18684 11
19874 18768 11
19875 19330 11
19876 18487 11
19877 18582 11
19878 18577 11
19879 18529 11
19880 18816 11
19881 18765 11
19882 18576 11
19883 18874 11
19884 18758 11
19885 19360 11
19886 18641 11
19887 18957 11
19888 19336 11
19889 18621 11
19890 18826 11
19891 18558 11
19892 18605 11
19893 18511 11
19894 18632 11
19895 18542 11
19896 18681 11
19897 19069 11
19898 18791 11
19899 19374 11
19900 19332 11
19901 18998 11
19902 18867 11
19903 18563 11
19904 19317 11
19905 19397 11
19906 19410 11
19907 18754 11
19908 18931 11
19909 18851 11
19910 18460 11
19911 18808 11
19912 19390 11
19913 18729 11
19914 18834 11
19915 19004 11
19916 19040 11
19917 18846 11
19918 18856 11
19919 19417 11
19920 19342 11
19921 18472 11
19922 18923 11
19923 18479 11
19924 19181 11
19925 19134 11
19926 18460 11
19927 18877 11
19928 18851 11
19929 18846 11
19930 19084 11
19931 18822 11
19932 19372 11
19933 18574 11
19934 19013 11
19935 18644 11
19936 18794 11
19937 19362 11
19938 18968 11
19939 19365 11
19940 18483 11
19941 18533 11
19942 18524 11
19943 18572 11
19944 19418 11
19945 18685 11
19946 19127 11
19947 18693 11
19948 18472 11
19949 19042 11
19950 18714 11
19951 19349 11
19952 18491 11
19953 19180 11
19954 18895 11
19955 19192 11
19956 19328 11
19957 18474 11
19958 18982 11
19959 19215 11
19960 19223 11
19961 18824 11
19962 19063 11
19963 18814 11
19964 19424 11
19965 18831 11
19966 18462 11
19967 18496 11
19968 18579 11
19969 18844 11
19970 18936 11
19971 18863 11
19972 18877 11
19973 19395 11
19974 18488 11
19975 19097 11
19976 18921 11
19977 18469 11
19978 18807 11
19979 19430 11
19980 18946 11
19981 18497 11
19982 18797 11
19983 19402 11
19984 18980 11
19985 18584 11
19986 18745 11
19987 18909 11
19988 18515 11
19989 19419 11
19990 19373 11
19991 18884 11
19992 19196 11
19993 19335 11
19994 18599 11
19995 18856 11
19996 19429 11
19997 18790 11
19998 18994 11
19999 18651 11
20000 19012 11
20001 18806 11
20002 19324 11
20003 18740 11
20004 19347 11
20005 18845 11
20006 19331 11
20007 19411 11
20008 18708 11
20009 18841 11
20010 18807 11
20011 19155 11
20012 19315 11
20013 19343 11
20014 18761 11
20015 19344 11
20016 19147 11
20017 19273 11
20018 18778 11
20019 19028 11
20020 19375 11
20021 18774 11
20022 18764 11
20023 19050 11
20024 19091 11
20025 18806 11
20026 18988 11
20027 19306 11
20028 18855 11
20029 19081 11
20030 18541 11
20031 19200 11
20032 19119 11
20033 18930 11
20034 19400 11
20035 19225 11
20036 18707 11
20037 18610 11
20038 18749 11
20039 18978 11
20040 19349 11
20041 18614 11
20042 18768 11
20043 18533 11
20044 18565 11
20045 18577 11
20046 19009 11
20047 19337 11
20048 18885 11
20049 19350 11
20050 19296 11
20051 18825 11
20052 19350 11
20053 18467 11
20054 18868 11
20055 19352 11
20056 18609 11
20057 18858 11
20058 18832 11
20059 18939 11
20060 18818 11
20061 18476 11
20062 18792 11
20063 19111 11
20064 19262 11
20065 18481 11
20066 18779 11
20067 19047 11
20068 19323 11
20069 18893 11
20070 19391 11
20071 18607 11
20072 18894 11
20073 18542 11
20074 19043 11
20075 19221 11
20076 18727 11
20077 19123 11
20078 18510 11
20079 18793 11
20080 18696 11
20081 18570 11
20082 19388 11
20083 19379 11
20084 19137 11
20085 19129 11
20086 18721 11
20087 19364 11
20088 18631 11
20089 19326 11
20090 18713 11
20091 18748 11
20092 18516 11
20093 18493 11
20094 18620 11
20095 19116 11
20096 18813 11
20097 19285 11
20098 18680 11
20099 18546 11
20100 18502 11
20101 18530 11
20102 18626 11
20103 19187 11
20104 18975 11
20105 18720 11
20106 19060 11
20107 19385 11
20108 18959 11
20109 18518 11
20110 18464 11
20111 18792 11
20112 19343 11
20113 18838 11
20114 18498 11
20115 19244 11
20116 18489 11
20117 18543 11
20118 19175 11
20119 18992 11
20120 18823 11
20121 19055 11
20122 19359 11
20123 19001 11
20124 19128 11
20125 19189 11
20126 19237 11
20127 18668 11
20128 19005 11
20129 18699 11
20130 19423 11
20131 18657 11
20132 18692 11
20133 19409 11
20134 18816 11
20135 18783 11
20136 18666 11
20137 18914 11
20138 18736 11
20139 18555 11
20140 18878 11
20141 18821 11
20142 18786 11
20143 19276 11
20144 19199 11
20145 18860 11
20146 18825 11
20147 19416 11
20148 18534 11
20149 19122 11
20150 18769 11
20151 18470 11
20152 18488 11
20153 19279 11
20154 19197 11
20155 19090 11
20156 19007 11
20157 18999 11
20158 18867 11
20159 18983 11
20160 18871 11
20161 18929 11
20162 18653 11
20163 18675 11
20164 18971 11
20165 19349 11
20166 18513 11
20167 18575 11
20168 19035 11
20169 18521 11
20170 19349 11
20171 18536 11
20172 18744 11
20173 18655 11
20174 18711 11
20175 18686 11
20176 18945 11
20177 18698 11
20178 19163 11
20179 19021 11
20180 19392 11
20181 18671 11
20182 18694 11
20183 19005 11
20184 19015 11
20185 19255 11
20186 19347 11
20187 18995 11
20188 19148 11
20189 18509 11
20190 19357 11
20191 18788 11
20192 19352 11
20193 18497 11
20194 18687 11
20195 18552 11
20196 18803 11
20197 18480 11
20198 18811 11
20199 19310 11
20200 18837 11
20201 18527 11
20202 18826 11
20203 18861 11
20204 19322 11
20205 19293 11
20206 18907 11
20207 19067 11
20208 18659 11
20209 18844 11
20210 18592 11
20211 19142 11
20212 19075 11
20213 18871 11
20214 18468 11
20215 19173 11
20216 18723 11
20217 18974 11
20218 18496 11
20219 18835 11
20220 19107 11
20221 19263 11
20222 19145 11
20223 18499 11
20224 19248 11
20225 19041 11
20226 18791 11
20227 18722 11
20228 18673 11
20229 19415 11
20230 18879 11
20231 18548 11
20232 19386 11
20233 19355 11
20234 18763 11
20235 18857 11
20236 18897 11
20237 19232 11
20238 18892 11
20239 18517 11
20240 19074 11
20241 18828 11
20242 19227 11
20243 19040 11
20244 18703 11
20245 19025 11
20246 19437 11
20247 19071 11
20248 19347 11
20249 19428 11
20250 19394 11
20251 18580 11
20252 18645 11
20253 18505 11
20254 18550 11
20255 19026 11
20256 19034 11
20257 19230 11
20258 18755 11
20259 19346 11
20260 18529 11
20261 19033 11
20262 19291 11
20263 18486 11
20264 18603 11
20265 18549 11
20266 18850 11
20267 19098 11
20268 19034 11
20269 18475 11
20270 18558 11
20271 18750 11
20272 19087 11
20273 18671 11
20274 18636 11
20275 18737 11
20276 18487 11
20277 19229 11
20278 18615 11
20279 18962 11
20280 18541 11
20281 18800 11
20282 18462 11
20283 18565 11
20284 18932 11
20285 18801 11
20286 19340 11
20287 19141 11
20288 19014 11
20289 19082 11
20290 19048 11
20291 19156 11
20292 18547 11
20293 18486 11
20294 18942 11
20295 18511 11
20296 19381 11
20297 18849 11
20298 19179 11
20299 18875 11
20300 18742 11
20301 19164 11
20302 19350 11
20303 18551 11
20304 19094 11
20305 19009 11
20306 18661 11
20307 19329 11
20308 19150 11
20309 19046 11
20310 18817 11
20311 19350 11
20312 19270 11
20313 18459 11
20314 18640 11
20315 19416 11
20316 18709 11
20317 18818 11
20318 18741 11
20319 19023 11
20320 19318 11
20321 19253 11
20322 18544 11
20323 19349 11
20324 18720 11
20325 19213 11
20326 18522 11
20327 19292 11
20328 19072 11
20329 18771 11
20330 18479 11
20331 18802 11
20332 19079 11
20333 18520 11
20334 19418 11
20335 18920 11
20336 19354 11
20337 19029 11
20338 18669 11
20339 19037 11
20340 19220 11
20341 18595 11
20342 19030 11
20343 19151 11
20344 19057 11
20345 18753 11
20346 18670 11
20347 19299 11
20348 18633 11
20349 18774 11
20350 18523 11
20351 18564 11
20352 19346 11
20353 19030 11
20354 18525 11
20355 19054 11
20356 19045 11
20357 18471 11
20358 18741 11
20359 18672 11
20360 18777 11
20361 19045 11
20362 19426 11
20363 18553 11
20364 18766 11
20365 18941 11
20366 18746 11
20367 18531 11
20368 18697 11
20369 19236 11
20370 19026 11
20371 18973 11
20372 19320 11
20373 19092 11
20374 18459 11
20375 18495 11
20376 19205 11
20377 19044 11
20378 18949 11
20379 18898 11
20380 18580 11
20381 18654 11
20382 19338 11
20383 18834 11
20384 18875 11
20385 19347 11
20386 19032 11
20387 18809 11
20388 18981 11
20389 19350 11
20390 18647 11
20391 18596 11
20392 18940 11
20393 18883 11
20394 18786 11
20395 18648 11
20396 19058 11
20397 19059 11
20398 19378 11
20399 19414 11
20400 18828 11
20401 18703 11
20402 18683 11
20403 19113 11
20404 18712 11
20405 19280 11
20406 18803 11
20407 19405 11
20408 19126 11
20409 18788 11
20410 19049 11
20411 18801 11
20412 18688 11
20413 19233 11
20414 18662 11
20415 18797 11
20416 18507 11
20417 19171 11
20418 19174 11
20419 18613 11
20420 18887 11
20421 18686 11
20422 19222 11
20423 18839 11
20424 18716 11
20425 19349 11
20426 19023 11
20427 18888 11
20428 19065 11
20429 18884 11
20430 18839 11
20431 18530 11
20432 18461 11
20433 19422 11
20434 18557 11
20435 19008 11
20436 19347 11
20437 18504 11
20438 18827 11
20439 18591 11
20440 18601 11
20441 18634 11
20442 18564 11
20443 19051 11
20444 19062 11
20445 18906 11
20446 18761 11
20447 18972 11
20448 18954 11
20449 18734 11
20450 19368 11
20451 18602 11
20452 19019 11
20453 19366 11
20454 18532 11
20455 18778 11
20456 19347 11
20457 18584 11
20458 19358 11
20459 18924 11
20460 19347 11
20461 18796 11
20462 18559 11
20463 18513 11
20464 18795 11
20465 19018 11
20466 18864 11
20467 18471 11
20468 18643 11
20469 19044 11
20470 19347 11
20471 19350 11
20472 18591 11
20473 18819 11
20474 19031 11
20475 19014 11
20476 19135 11
20477 19250 11
20478 19344 11
20479 19350 11
20480 19010 11
20481 18809 11
20482 18622 11
20483 18688 11
20484 18551 11
20485 19343 11
20486 19024 11
20487 18676 11
20488 19022 11
20489 18775 11
20490 18869 11
20491 19017 11
20492 19417 11
20493 18539 11
20494 18865 11
20495 18781 11
20496 18840 11
20497 18808 11
20498 18838 11
20499 18805 11
20500 18922 11
20501 19311 11
20502 19350 11
20503 18933 11
20504 19166 11
20505 19224 11
20506 18523 11
20507 19346 11
20508 19376 11
20509 18546 11
20510 18569 11
20511 18492 11
20512 19008 11
20513 18711 11
20514 18611 11
20515 19398 11
20516 19347 11
20517 18485 11
20518 18566 11
20519 19388 11
20520 19295 11
20521 19421 11
20522 18514 11
20523 18857 11
20524 19159 11
20525 19308 11
20526 18685 11
20527 19212 11
20528 19388 11
20529 18908 11
20530 18832 11
20531 18772 11
20532 19261 11
20533 19006 11
20534 19016 11
20535 18819 11
20536 19297 11
20537 18814 11
20538 18780 11
20539 18742 11
20540 18695 11
20541 18506 11
20542 18951 11
20543 18714 11
20544 19347 11
20545 19349 11
20546 18498 11
20547 18650 11
20548 19367 11
20549 19350 11
20550 18730 11
20551 18784 11
20552 18880 11
20553 18947 11
20554 18480 11
20555 19105 11
20556 19015 11
20557 19305 11
20558 18662 11
20559 19035 11
20560 18970 11
20561 18650 11
20562 19350 11
20563 19027 11
20564 18679 11
20565 19139 11
20566 18912 11
20567 18770 11
20568 19240 11
20569 18943 11
20570 18655 11
20571 19077 11
20572 18799 11
20573 18753 11
20574 18588 11
20575 19268 11
20576 18568 11
20577 18793 11
20578 18463 11
20579 19387 11
20580 18889 11
20581 18842 11
20582 18683 11
20583 19350 11
20584 19343 11
20585 19130 11
20586 19370 11
20587 18458 11
20588 18715 11
20589 19214 11
20590 18606 11
20591 18500 11
20592 18813 11
20593 19191 11
20594 19363 11
20595 18619 11
20596 19435 11
20597 19165 11
20598 18682 11
20599 19088 11
20600 19257 11
20601 18654 11
20602 18810 11
20603 18690 11
20604 19334 11
20605 19131 11
20606 18722 11
20607 18852 11
20608 18642 11
20609 18517 11
20610 19010 11
20611 18845 11
20612 19003 11
20613 18836 11
20614 18913 11
20615 18960 11
20616 18537 11
20617 18468 11
20618 19038 11
20619 18526 11
20620 18764 11
20621 18484 11
20622 19226 11
20623 18784 11
20624 18787 11
20625 19064 11
20626 19143 11
20627 18719 11
20628 18528 11
20629 18701 11
20630 18756 11
20631 19138 11
20632 18985 11
20633 18773 11
20634 18820 11
20635 19185 11
20636 18872 11
20637 18823 11
20638 19417 11
20639 19307 11
20640 19403 11
20641 18684 11
20642 19406 11
20643 19284 11
20644 19349 11
20645 18804 11
20646 18919 11
20647 19432 11
20648 19144 11
20649 19302 11
20650 18465 11
20651 18635 11
20652 19106 11
20653 18785 11
20654 19258 11
20655 18538 11
20656 18466 11
20657 19086 11
20658 19235 11
20659 18476 11
20660 19039 11
20661 18782 11
20662 19152 11
20663 18561 11
20664 19149 11
20665 18478 11
20666 19238 11
20667 19183 11
20668 18859 11
20669 19289 11
20670 18667 11
20671 18737 11
20672 18873 11
20673 18691 11
20674 18504 11
20675 18470 11
20676 18522 11
20677 19380 11
20678 18617 11
20679 19083 11
20680 18585 11
20681 18926 11
20682 18715 11
20683 18660 11
20684 18473 11
20685 18755 11
20686 18899 11
20687 18772 11
20688 19211 11
20689 18829 11
20690 19012 11
20691 18748 11
20692 18928 11
20693 18854 11
20694 19068 11
20695 18623 11
20696 18824 11
20697 18515 11
20698 18717 11
20699 18865 11
20700 19218 11
20701 18573 11
20702 19351 11
20703 19209 11
20704 19080 11
20705 18804 11
20706 19418 11
20707 19312 11
20708 19377 11
20709 18979 11
20710 18880 11
20711 19033 11
20712 18810 11
20713 19333 11
20714 18458 11
20715 18955 11
20716 18798 11
20717 18843 11
20718 19049 11
20719 19290 11
20720 19321 11
20721 19384 11
20722 18507 11
20723 18944 11
20724 18608 11
20725 18752 11
20726 19343 11
20727 18531 11
20728 18859 11
20729 18634 11
20730 18883 11
20731 18780 11
20732 18512 11
20733 18590 11
20734 18629 11
20735 19100 11
20736 18735 11
20737 18927 11
20738 18616 11
20739 19348 11
20740 18910 11
20741 18512 11
20742 19348 11
20743 18485 11
20744 18581 11
20745 18501 11
20746 18776 11
20747 19133 11
20748 19039 11
20749 19283 11
20750 18812 11
20751 19401 11
20752 19349 11
20753 18775 11
20754 19316 11
20755 19146 11
20756 19275 11
20757 19011 11
20758 18652 11
20759 19032 11
20760 19178 11
20761 18588 11
20762 19124 11
20763 18664 11
20764 19350 11
20765 19013 11
20766 18937 11
20767 18799 11
20768 18805 11
20769 19339 11
20770 18543 11
20771 18649 11
20772 18918 11
20773 18532 11
20774 18544 11
20775 19112 11
20776 19246 11
20777 18767 11
20778 18540 11
20779 18725 11
20780 19046 11
20781 18771 11
20782 18704 11
20783 18811 11
20784 18751 11
20785 18492 11
20786 19114 11
20787 18843 11
20788 19341 11
20789 18661 11
20790 19436 11
20791 19349 11
20792 18735 11
20793 18862 11
20794 19115 11
20795 19167 11
20796 19047 11
20797 18578 11
20798 19277 11
20799 19274 11
20800 18473 11
20801 18762 11
20802 18770 11
20803 18902 11
20804 18670 11
20805 18754 11
20806 18495 11
20807 18682 11
20808 19029 11
20809 19210 11
20810 18969 11
20811 19247 11
20812 18740 11
20813 18552 11
20814 19050 11
20815 18562 11
20816 18984 11
20817 18593 11
20818 18876 11
