13358 18606 12
13359 18471 12
13360 18471 12
13361 18471 12
13362 18471 12
13363 18471 12
13364 18471 12
13365 19416 12
13366 18471 12
13367 18471 12
13368 18471 12
13369 18471 12
13370 18471 12
13371 18471 12
13372 18471 12
13373 19416 12
13374 18471 12
13374 18651 12
13375 18606 12
13379 19416 12
13380 19416 12
13381 18651 12
13382 18651 12
13383 18651 12
13384 18651 12
13385 18651 12
13386 18651 12
13387 18651 12
13388 18651 12
13389 18651 12
13390 18651 12
13391 18651 12
13392 18651 12
13393 18942 12
13394 18651 12
13395 18651 12
13396 19416 12
13397 19416 12
13398 18651 12
13399 18651 12
13400 18651 12
13401 18651 12
13402 18651 12
13403 18651 12
13404 18651 12
13405 18651 12
13406 18651 12
13407 18651 12
13408 18651 12
13409 19416 12
13410 18651 12
13411 18651 12
13412 18942 12
13413 18651 12
13419 18471 12
13423 18471 12
13434 18471 12
13440 18471 12
13442 18651 12
13443 18651 12
13444 18651 12
13445 18651 12
13446 18651 12
13447 18651 12
13461 18471 12
13463 18471 12
13464 18471 12
13465 18471 12
13466 18471 12
13490 18471 12
13491 18471 12
13492 18471 12
13493 18471 12
13494 18471 12
13495 18471 12
13497 18471 12
13499 18471 12
13501 18471 12
13502 18471 12
13503 18471 12
13504 18471 12
13506 18471 12
13508 18471 12
13510 18471 12
13512 18471 12
13516 18471 12
13517 18471 12
13520 19416 12
13521 19416 12
13532 18606 12
13533 18606 12
13534 18471 12
13535 18606 12
13536 18606 12
13537 18606 12
13546 18471 12
13548 18471 12
13550 18606 12
13551 18606 12
13554 19416 12
13560 18471 12
13561 18471 12
13562 18471 12
13563 18471 12
13564 18471 12
13565 18471 12
13566 18471 12
13567 18471 12
13568 18471 12
13569 18471 12
13570 18471 12
13571 18471 12
13572 18471 12
13573 18471 12
13574 18471 12
13575 18471 12
13576 18471 12
13577 18471 12
13578 18471 12
13579 18471 12
13580 18471 12
13581 18471 12
13583 18471 12
13584 18471 12
13585 18471 12
13586 18471 12
13587 18471 12
13588 18471 12
13589 18471 12
13590 18471 12
13591 18471 12
13592 18471 12
13593 18471 12
13594 18471 12
13595 18471 12
13596 18471 12
13597 18471 12
13598 18471 12
13599 18471 12
13600 18471 12
13601 18471 12
13602 18471 12
13603 18471 12
13604 18471 12
13605 18471 12
13606 18471 12
13607 18471 12
13608 18471 12
13609 18471 12
13610 18471 12
13611 18471 12
13612 18471 12
13613 18471 12
13614 18471 12
13615 18471 12
13616 18471 12
13617 18471 12
13618 18471 12
13619 18471 12
13620 18471 12
13621 18471 12
13622 18471 12
13623 18471 12
13624 18471 12
13625 18471 12
13626 18471 12
13627 18471 12
13628 18471 12
13629 18471 12
13630 18471 12
13631 18471 12
13632 18471 12
13633 18471 12
13634 18471 12
13635 18471 12
13636 18471 12
13637 18471 12
13638 18471 12
13639 18471 12
13640 18471 12
13641 18471 12
13642 18471 12
13643 18471 12
13644 18471 12
13645 18471 12
13646 18471 12
13647 18471 12
13649 18471 12
13650 18471 12
13651 18471 12
13652 18471 12
13653 18471 12
13654 18471 12
13655 18471 12
13656 18471 12
13657 18471 12
13658 18471 12
13659 18471 12
13660 18471 12
13661 18471 12
13662 18471 12
13663 18471 12
13664 18471 12
13665 18471 12
13666 18471 12
13667 18471 12
13668 18471 12
13669 18471 12
13670 18471 12
13671 18471 12
13672 18471 12
13673 18471 12
13674 18471 12
13675 18471 12
13676 18471 12
13677 18471 12
13678 18471 12
13679 18471 12
13680 18471 12
13681 18471 12
13682 18471 12
13683 18471 12
13684 18471 12
13685 18471 12
13686 18471 12
13687 18471 12
13688 18471 12
13689 18471 12
13690 18471 12
13691 18471 12
13692 18471 12
13693 18471 12
13694 18471 12
13695 18471 12
13696 18471 12
13697 18471 12
13698 18471 12
13699 18471 12
13700 18471 12
13701 18471 12
13702 18471 12
13703 18471 12
13704 18471 12
13705 18471 12
13706 18471 12
13708 18471 12
13709 18471 12
13710 18471 12
13711 18471 12
13712 18471 12
13713 18471 12
13714 18471 12
13715 18471 12
13716 18471 12
13717 18471 12
13718 18471 12
13719 18550 12
13720 18550 12
13721 18550 12
13722 18550 12
13723 18550 12
13724 18550 12
13725 18550 12
13726 18550 12
13727 18550 12
13728 18550 12
13729 18550 12
13730 18550 12
13731 18550 12
13732 18550 12
13733 18550 12
13734 18550 12
13735 18550 12
13736 18550 12
13737 18550 12
13738 18550 12
13739 18550 12
13740 18550 12
13741 18550 12
13742 18550 12
13743 18550 12
13744 18550 12
13745 18550 12
13746 18550 12
13747 18550 12
13748 18550 12
13749 18550 12
13750 18550 12
13751 18550 12
13752 18550 12
13753 18550 12
13754 18550 12
13755 18550 12
13756 18550 12
13757 18550 12
13758 18550 12
13759 18550 12
13695 18550 12
13761 18550 12
13762 18550 12
13763 18550 12
13764 18550 12
13765 18550 12
13766 18550 12
13767 18550 12
13768 18550 12
13769 18550 12
13770 18550 12
13771 18550 12
13772 18550 12
13773 18550 12
13774 18550 12
13775 18550 12
13776 18550 12
13777 18550 12
13778 18550 12
13779 18550 12
13780 18550 12
13781 18550 12
13782 18550 12
13783 18550 12
13784 18550 12
13785 18550 12
13786 18550 12
13787 18550 12
13788 18550 12
13789 18550 12
13790 18550 12
13791 18550 12
13792 18550 12
13793 18651 12
13794 18651 12
13795 18651 12
13796 18651 12
13797 18651 12
13798 18651 12
13799 18651 12
13800 18651 12
13801 18651 12
13802 18651 12
13803 18651 12
13804 18651 12
13805 18651 12
13806 18651 12
13807 18651 12
13808 18651 12
13809 18651 12
13810 18651 12
13811 18651 12
13812 18651 12
13813 18651 12
13814 18651 12
13815 18651 12
13816 18651 12
13817 18651 12
13818 18651 12
13819 18651 12
13820 18651 12
13821 18651 12
13822 18651 12
13823 18651 12
13824 18651 12
13825 18651 12
13826 18651 12
13827 18651 12
13828 18651 12
13829 18651 12
13830 18651 12
13831 18651 12
13832 18651 12
13833 18651 12
13834 18651 12
13835 18651 12
13836 18651 12
13837 18651 12
13838 18651 12
13839 18651 12
13840 18651 12
13841 18651 12
13842 18651 12
13843 18651 12
13844 18651 12
13845 18651 12
13846 18651 12
13847 18651 12
13848 18651 12
13849 18651 12
13850 18651 12
13851 18651 12
13852 18651 12
13853 18651 12
13854 18651 12
13855 18651 12
13856 18651 12
13857 18651 12
13858 18651 12
13859 18651 12
13860 18651 12
13861 18651 12
13862 18651 12
13863 18651 12
13864 18651 12
13865 18651 12
13866 18651 12
13867 18651 12
13868 18651 12
13869 18651 12
13870 18651 12
13871 18651 12
13872 18651 12
13873 18651 12
13874 18651 12
13875 18651 12
13876 18651 12
13877 18651 12
13878 18651 12
13879 18651 12
13880 18651 12
13881 18651 12
13882 18651 12
13883 18651 12
13884 18651 12
13885 18651 12
13886 18651 12
13887 18651 12
13888 18651 12
13889 18651 12
13890 18651 12
13891 18651 12
13892 18651 12
13893 18651 12
13894 18651 12
13895 18651 12
13896 18651 12
13897 18651 12
13898 18651 12
13899 18651 12
13900 18651 12
13901 18651 12
13902 18651 12
13903 18651 12
13904 18651 12
13905 18651 12
13906 18651 12
13907 18651 12
13908 18651 12
13909 18651 12
13910 18651 12
13911 18651 12
13912 18651 12
13913 18651 12
13914 18651 12
13915 18651 12
13916 18651 12
13917 18651 12
13918 18651 12
13919 18651 12
13921 18651 12
13922 18651 12
13923 18651 12
13924 18651 12
13925 18651 12
13926 18651 12
13927 18651 12
13928 18651 12
13929 18651 12
13930 18651 12
13931 18651 12
13932 18651 12
13933 18651 12
13934 18651 12
13935 18651 12
13936 18651 12
13937 18651 12
13938 18651 12
13939 18651 12
13940 18651 12
13941 18651 12
13942 18651 12
13943 18651 12
13944 18651 12
13945 18651 12
13946 18651 12
13947 18651 12
13948 18651 12
13949 18651 12
13950 18651 12
13951 18651 12
13952 18651 12
13953 18651 12
13954 18651 12
13955 18651 12
13956 18651 12
13957 18651 12
13958 18651 12
13959 18651 12
13960 18651 12
13961 18651 12
13962 18651 12
13963 18651 12
13964 18651 12
13965 18651 12
13966 18651 12
13967 18651 12
13968 18651 12
13969 18651 12
13970 18651 12
13971 18651 12
13972 18651 12
13973 18651 12
13974 18651 12
13975 18651 12
13976 18651 12
13977 18651 12
13978 18651 12
13979 18651 12
13980 18651 12
13981 18651 12
13982 18651 12
13983 18651 12
13984 18651 12
13985 18651 12
13986 18651 12
13987 18651 12
13988 18651 12
13989 18651 12
13990 18651 12
13991 18651 12
13992 18651 12
13993 18651 12
13994 18651 12
13995 18651 12
13996 18651 12
13997 18651 12
13998 18651 12
13999 18651 12
14000 18651 12
14001 18651 12
14002 18651 12
13785 18651 12
14004 18651 12
14005 18651 12
14006 18651 12
14007 18651 12
14008 18651 12
14009 18651 12
14010 18651 12
14011 18651 12
14012 18651 12
14013 18651 12
14014 18651 12
14015 18651 12
14016 18651 12
14017 18651 12
14018 18651 12
14019 18651 12
14020 18651 12
14021 18651 12
14022 18651 12
14023 18651 12
14024 18651 12
14025 18651 12
14026 18651 12
14027 18651 12
14028 18651 12
14029 18651 12
14030 18651 12
14031 18651 12
14032 18651 12
14033 18651 12
14034 18651 12
14035 18651 12
14036 18651 12
14037 18651 12
13749 18651 12
14039 18651 12
14040 18651 12
14041 18651 12
14042 18651 12
14043 18651 12
14044 18651 12
14045 18651 12
14046 18651 12
14047 18651 12
14048 18651 12
14049 18651 12
14050 18651 12
14051 18651 12
14052 18651 12
14053 18651 12
14054 18651 12
14055 18651 12
14056 18651 12
14057 18651 12
14058 18651 12
14059 18651 12
14060 18651 12
14061 18651 12
14062 18651 12
14063 18651 12
14064 18651 12
14065 18651 12
14066 18651 12
14067 18651 12
14068 18651 12
14069 18651 12
14070 18651 12
14071 18651 12
14072 18651 12
14073 18651 12
14074 18651 12
14075 18651 12
14076 18651 12
14077 18651 12
14078 18651 12
14079 18651 12
14080 18651 12
14081 18651 12
14082 18651 12
14083 18651 12
14084 18651 12
14085 18651 12
14086 18651 12
14087 18651 12
14088 18651 12
14089 18651 12
14090 18651 12
14091 18651 12
14092 18651 12
14093 18651 12
14094 18651 12
14095 18651 12
14096 18651 12
14097 18651 12
14098 18651 12
14099 18651 12
14100 18651 12
14101 18651 12
14102 18651 12
14103 18651 12
14104 18651 12
14105 18651 12
14107 18651 12
14108 18651 12
14109 18651 12
14110 18651 12
14111 18651 12
14112 18651 12
14113 18651 12
14114 18651 12
14115 18651 12
14116 18651 12
14117 18651 12
14118 18651 12
14119 18651 12
14120 18651 12
14121 18651 12
14122 18651 12
14123 18651 12
14124 18651 12
14125 18651 12
14126 18651 12
14127 18651 12
14128 18651 12
14129 18651 12
14130 18651 12
14131 18651 12
14132 18651 12
14133 18651 12
14134 18651 12
14135 18651 12
14136 18651 12
14137 18651 12
14138 18651 12
14139 18651 12
14140 18651 12
14141 18651 12
14142 18651 12
14143 18651 12
14144 18651 12
14145 18651 12
14146 18651 12
14147 18651 12
14148 18651 12
14149 18651 12
14150 18651 12
14151 18651 12
14152 18651 12
14153 18651 12
14154 18651 12
14155 18651 12
14156 18651 12
14157 18651 12
14158 18651 12
14159 18651 12
14160 18651 12
14161 18651 12
14162 18651 12
14163 18651 12
14164 18651 12
14165 18651 12
14166 18651 12
14167 18651 12
14168 18651 12
14169 18651 12
14170 18651 12
14171 18651 12
14172 18651 12
14173 18651 12
14174 18651 12
14175 18651 12
14176 18651 12
14177 18651 12
14178 18651 12
14179 18651 12
14180 18651 12
14181 18651 12
14182 18651 12
14183 18651 12
14184 18651 12
14185 18651 12
14186 18651 12
14187 18651 12
14188 18651 12
14189 18651 12
14190 18651 12
14191 18651 12
14192 18651 12
14193 18651 12
14194 18651 12
14195 18651 12
13563 18651 12
14197 18651 12
14198 18651 12
14199 18651 12
14200 18651 12
14201 18651 12
14202 18651 12
14203 18651 12
14204 18651 12
14205 18651 12
14206 18651 12
14207 18651 12
14208 18651 12
14209 18651 12
14210 18651 12
14211 18651 12
14212 18651 12
14213 18651 12
14214 18651 12
14215 18651 12
14216 18651 12
14217 18651 12
14218 18651 12
14219 18651 12
14220 18651 12
14221 18651 12
14222 18651 12
14223 18651 12
14224 18651 12
14225 18651 12
14226 18651 12
14227 18651 12
14228 18651 12
14229 18651 12
14230 18651 12
14231 18651 12
14232 18651 12
14233 18651 12
14234 18651 12
14235 18651 12
14236 18651 12
14237 18651 12
14238 18651 12
14239 18651 12
14240 18651 12
14241 18651 12
14242 18651 12
14243 18651 12
14244 18651 12
