20190 19438 15
20190 19439 15
20190 19440 15
20190 19441 15
20190 19442 15
20190 19443 15
20190 19444 15
20190 19445 15
20190 19446 15
20190 19447 15
20190 19448 15
20190 19449 15
20190 19450 15
20190 19451 15
20190 19452 15
20190 19453 15
20190 19454 15
20190 19455 15
20190 19456 15
20190 19457 15
20190 19458 15
20190 19459 15
20190 19460 15
20190 19461 15
20190 19462 15
20190 19463 15
20190 19464 15
20190 19465 15
20190 19466 15
20190 19467 15
20190 19468 15
20190 19469 15
20190 19470 15
20190 19471 15
20190 19472 15
20190 19473 15
20190 19474 15
20190 19475 15
20190 19476 15
20190 19477 15
20190 19478 15
20190 19479 15
20190 19480 15
20190 19481 15
20190 19482 15
20190 19483 15
20190 19484 15
20190 19485 15
20190 19486 15
20190 19487 15
20190 19488 15
20190 19489 15
20190 19490 15
20190 19491 15
20190 19492 15
20190 19493 15
20190 19494 15
20190 19495 15
20190 19496 15
20190 19497 15
20190 19498 15
20190 19499 15
20190 19500 15
20190 19501 15
20190 19502 15
20190 19503 15
20190 19504 15
20190 19505 15
20190 19506 15
20190 19507 15
20190 19508 15
20190 19509 15
20190 19510 15
20190 19511 15
20190 19512 15
20190 19513 15
20190 19514 15
20190 19515 15
20190 19516 15
20190 19517 15
20190 19518 15
20190 19519 15
20190 19520 15
20190 19521 15
20190 19522 15
20190 19523 15
20190 19524 15
20190 19525 15
20190 19526 15
20190 19527 15
20190 19528 15
20190 19529 15
20190 19530 15
20190 19531 15
20190 19532 15
20190 19533 15
20190 19534 15
20190 19535 15
20190 19536 15
20190 19537 15
20190 19538 15
20190 19539 15
20190 19540 15
20190 19541 15
20190 19542 15
20190 19543 15
20190 19544 15
20190 19545 15
20190 19546 15
20190 19547 15
20190 19548 15
20190 19549 15
20190 19550 15
20190 19551 15
20190 19552 15
20190 19553 15
20190 19554 15
20190 19555 15
20190 19556 15
20190 19557 15
20190 19558 15
20190 19559 15
20190 19560 15
20190 19561 15
20190 19562 15
20190 19563 15
20190 19564 15
20190 19565 15
20190 19566 15
20190 19567 15
20190 19568 15
20190 19569 15
20190 19570 15
20190 19571 15
20190 19572 15
20190 19573 15
20190 19574 15
20190 19575 15
20190 19576 15
20190 19577 15
20190 19578 15
20190 19579 15
20190 19580 15
20190 19581 15
20190 19582 15
20190 19583 15
20190 19584 15
20190 19585 15
20190 19586 15
20190 19587 15
20190 19588 15
20190 19589 15
20190 19590 15
20190 19591 15
20190 19592 15
20190 19593 15
20190 19594 15
20190 19595 15
20190 19596 15
20190 19597 15
20190 19598 15
20190 19599 15
20190 19600 15
20190 19601 15
20190 19602 15
20190 19603 15
20190 19604 15
20190 19605 15
20190 19606 15
20190 19607 15
20190 19608 15
20190 19609 15
20190 19610 15
20190 19611 15
20190 19612 15
20190 19613 15
20190 19614 15
20190 19615 15
20190 19616 15
20190 19617 15
20190 19618 15
20190 19619 15
20190 19620 15
20190 19621 15
20190 19622 15
20190 19623 15
20190 19624 15
20190 19625 15
20190 19626 15
20190 19627 15
20190 19628 15
20190 19629 15
20190 19630 15
20190 19631 15
20190 19632 15
20190 19633 15
20190 19634 15
20190 19635 15
20190 19636 15
20190 19637 15
20190 19638 15
20190 19639 15
20190 19640 15
20190 19641 15
20190 19642 15
20190 19643 15
20190 19644 15
20190 19645 15
20190 19646 15
20190 19647 15
20190 19648 15
20190 19649 15
20190 19650 15
20190 19651 15
20190 19652 15
20190 19653 15
20190 19654 15
20190 19655 15
20190 19656 15
20190 19657 15
20190 19658 15
20190 19659 15
20190 19660 15
20190 19661 15
20190 19662 15
20190 19663 15
20190 19664 15
20190 19665 15
20190 19666 15
20190 19667 15
20190 19668 15
20190 19669 15
20190 19670 15
20190 19671 15
20190 19672 15
20190 19673 15
20190 19674 15
20190 19675 15
20190 19676 15
20190 19677 15
20190 19678 15
20190 19679 15
20190 19680 15
20190 19681 15
20190 19682 15
20190 19683 15
20190 19684 15
20190 19685 15
20190 19686 15
20190 19687 15
20190 19688 15
20190 19689 15
20190 19690 15
20190 19691 15
20190 19692 15
20190 19693 15
20190 19694 15
20190 19695 15
20190 19696 15
20190 19697 15
20190 19698 15
20190 19699 15
20190 19700 15
20190 19701 15
20190 19702 15
20190 19703 15
20190 19704 15
20190 19705 15
20190 19706 15
20190 19707 15
20190 19708 15
20190 19709 15
20190 19710 15
20190 19711 15
20190 19712 15
20190 19713 15
20190 19714 15
20190 19715 15
20190 19716 15
20190 19717 15
20190 19718 15
20190 19719 15
20190 19720 15
20190 19721 15
20190 19722 15
20190 19723 15
20190 19724 15
20190 19725 15
20190 19726 15
20190 19727 15
20190 19728 15
20190 19729 15
20190 19730 15
20190 19731 15
20190 19732 15
20190 19733 15
20190 19734 15
20190 19735 15
20190 19736 15
20190 19737 15
20190 19738 15
20190 19739 15
20190 19740 15
20190 19741 15
20190 19742 15
20190 19743 15
20190 19744 15
20190 19745 15
20190 19746 15
20190 19747 15
20190 19748 15
20190 19749 15
20190 19750 15
20190 19751 15
20190 19752 15
20190 19753 15
20190 19754 15
20190 19755 15
20190 19756 15
20190 19757 15
20190 19758 15
20190 19759 15
20190 19760 15
20190 19761 15
20190 19762 15
20190 19763 15
20190 19764 15
20190 19765 15
20190 19766 15
20190 19767 15
20190 19768 15
20190 19769 15
20190 19770 15
20190 19771 15
20190 19772 15
20190 19773 15
20190 19774 15
20190 19775 15
20190 19776 15
20190 19777 15
20190 19778 15
20190 19779 15
20190 19780 15
20190 19781 15
20190 19782 15
20190 19783 15
20190 19784 15
20190 19785 15
20190 19786 15
20190 19787 15
20190 19788 15
20190 19789 15
20190 19790 15
20190 19791 15
20190 19792 15
20190 19793 15
20190 19794 15
20190 19795 15
20190 19796 15
20190 19797 15
20190 19798 15
20190 19799 15
20190 19800 15
20190 19801 15
20190 19802 15
20190 19803 15
20190 19804 15
20190 19805 15
20190 19806 15
20190 19807 15
20190 19808 15
20190 19809 15
20190 19810 15
20190 19811 15
20190 19812 15
20190 19813 15
20190 19814 15
20190 19815 15
20190 19816 15
20190 19817 15
20190 19818 15
20190 19819 15
20190 19820 15
20190 19821 15
20190 19822 15
20190 19823 15
20190 19824 15
20190 19825 15
20190 19826 15
20190 19827 15
20190 19828 15
20190 19829 15
20190 19830 15
20190 19831 15
20190 19832 15
20190 19833 15
20190 19834 15
20190 19835 15
20190 19836 15
20190 19837 15
20190 19838 15
20190 19839 15
20190 19840 15
20190 19841 15
20190 19842 15
20190 19843 15
20190 19844 15
20190 19845 15
20190 19846 15
20190 19847 15
20190 19848 15
20190 19849 15
20190 19850 15
20190 19851 15
20190 19852 15
20190 19853 15
20190 19854 15
20190 19855 15
20190 19856 15
20190 19857 15
20190 19858 15
20190 19859 15
20190 19860 15
20190 19861 15
20190 19862 15
20190 19863 15
20190 19864 15
20190 19865 15
20190 19866 15
20190 19867 15
20190 19868 15
20190 19869 15
20190 19870 15
20190 19871 15
20190 19872 15
20190 19873 15
20190 19874 15
20190 19875 15
20190 19876 15
20190 19877 15
20190 19878 15
20190 19879 15
20190 19880 15
20190 19881 15
20190 19882 15
20190 19883 15
20190 19884 15
20190 19885 15
20190 19886 15
20190 19887 15
20190 19888 15
20190 19889 15
20190 19890 15
20190 19891 15
20190 19892 15
20190 19893 15
20190 19894 15
20190 19895 15
20190 19896 15
20190 19897 15
20190 19898 15
20190 19899 15
20190 19900 15
20190 19901 15
20190 19902 15
20190 19903 15
20190 19904 15
20190 19905 15
20190 19906 15
20190 19907 15
20190 19908 15
20190 19909 15
20190 19910 15
20190 19911 15
20190 19912 15
20190 19913 15
20190 19914 15
20190 19915 15
20190 19916 15
20190 19917 15
20190 19918 15
20190 19919 15
20190 19920 15
20190 19921 15
20190 19922 15
20190 19923 15
20190 19924 15
20190 19925 15
20190 19926 15
20190 19927 15
20190 19928 15
20190 19929 15
20190 19930 15
20190 19931 15
20190 19932 15
20190 19933 15
20190 19934 15
20190 19935 15
20190 19936 15
20190 19937 15
20190 19938 15
20190 19939 15
20190 19940 15
20190 19941 15
20190 19942 15
20190 19943 15
20190 19944 15
20190 19945 15
20190 19946 15
20190 19947 15
20190 19948 15
20190 19949 15
20190 19950 15
20190 19951 15
20190 19952 15
20190 19953 15
20190 19954 15
20190 19955 15
20190 19956 15
20190 19957 15
20190 19958 15
20190 19959 15
20190 19960 15
20190 19961 15
20190 19962 15
20190 19963 15
20190 19964 15
20190 19965 15
20190 19966 15
20190 19967 15
20190 19968 15
20190 19969 15
20190 19970 15
20190 19971 15
20190 19972 15
20190 19973 15
20190 19974 15
20190 19975 15
20190 19976 15
20190 19977 15
20190 19978 15
20190 19979 15
20190 19980 15
20190 19981 15
20190 19982 15
20190 19983 15
20190 19984 15
20190 19985 15
20190 19986 15
20190 19987 15
20190 19988 15
20190 19989 15
20190 19990 15
20190 19991 15
20190 19992 15
20190 19993 15
20190 19994 15
20190 19995 15
20190 19996 15
20190 19997 15
20190 19998 15
20190 19999 15
20190 20000 15
20190 20001 15
20190 20002 15
20190 20003 15
20190 20004 15
20190 20005 15
20190 20006 15
20190 20007 15
20190 20008 15
20190 20009 15
20190 20010 15
20190 20011 15
20190 20012 15
20190 20013 15
20190 20014 15
20190 20015 15
20190 20016 15
20190 20017 15
20190 20018 15
20190 20019 15
20190 20020 15
20190 20021 15
20190 20022 15
20190 20023 15
20190 20024 15
20190 20025 15
20190 20026 15
20190 20027 15
20190 20028 15
20190 20029 15
20190 20030 15
20190 20031 15
20190 20032 15
20190 20033 15
20190 20034 15
20190 20035 15
20190 20036 15
20190 20037 15
20190 20038 15
20190 20039 15
20190 20040 15
20190 20041 15
20190 20042 15
20190 20043 15
20190 20044 15
20190 20045 15
20190 20046 15
20190 20047 15
20190 20048 15
20190 20049 15
20190 20050 15
20190 20051 15
20190 20052 15
20190 20053 15
20190 20054 15
20190 20055 15
20190 20056 15
20190 20057 15
20190 20058 15
20190 20059 15
20190 20060 15
20190 20061 15
20190 20062 15
20190 20063 15
20190 20064 15
20190 20065 15
20190 20066 15
20190 20067 15
20190 20068 15
20190 20069 15
20190 20070 15
20190 20071 15
20190 20072 15
20190 20073 15
20190 20074 15
20190 20075 15
20190 20076 15
20190 20077 15
20190 20078 15
20190 20079 15
20190 20080 15
20190 20081 15
20190 20082 15
20190 20083 15
20190 20084 15
20190 20085 15
20190 20086 15
20190 20087 15
20190 20088 15
20190 20089 15
20190 20090 15
20190 20091 15
20190 20092 15
20190 20093 15
20190 20094 15
20190 20095 15
20190 20096 15
20190 20097 15
20190 20098 15
20190 20099 15
20190 20100 15
20190 20101 15
20190 20102 15
20190 20103 15
20190 20104 15
20190 20105 15
20190 20106 15
20190 20107 15
20190 20108 15
20190 20109 15
20190 20110 15
20190 20111 15
20190 20112 15
20190 20113 15
20190 20114 15
20190 20115 15
20190 20116 15
20190 20117 15
20190 20118 15
20190 20119 15
20190 20120 15
20190 20121 15
20190 20122 15
20190 20123 15
20190 20124 15
20190 20125 15
20190 20126 15
20190 20127 15
20190 20128 15
20190 20129 15
20190 20130 15
20190 20131 15
20190 20132 15
20190 20133 15
20190 20134 15
20190 20135 15
20190 20136 15
20190 20137 15
20190 20138 15
20190 20139 15
20190 20140 15
20190 20141 15
20190 20142 15
20190 20143 15
20190 20144 15
20190 20145 15
20190 20146 15
20190 20147 15
20190 20148 15
20190 20149 15
20190 20150 15
20190 20151 15
20190 20152 15
20190 20153 15
20190 20154 15
20190 20155 15
20190 20156 15
20190 20157 15
20190 20158 15
20190 20159 15
20190 20160 15
20190 20161 15
20190 20162 15
20190 20163 15
20190 20164 15
20190 20165 15
20190 20166 15
20190 20167 15
20190 20168 15
20190 20169 15
20190 20170 15
20190 20171 15
20190 20172 15
20190 20173 15
20190 20174 15
20190 20175 15
20190 20176 15
20190 20177 15
20190 20178 15
20190 20179 15
20190 20180 15
20190 20181 15
20190 20182 15
20190 20183 15
20190 20184 15
20190 20185 15
20190 20186 15
20190 20187 15
20190 20188 15
20190 20189 15
20190 20191 15
20190 20192 15
20190 20193 15
20190 20194 15
20190 20195 15
20190 20196 15
20190 20197 15
20190 20198 15
20190 20199 15
20190 20200 15
20190 20201 15
20190 20202 15
20190 20203 15
20190 20204 15
20190 20205 15
20190 20206 15
20190 20207 15
20190 20208 15
20190 20209 15
20190 20210 15
20190 20211 15
20190 20212 15
20190 20213 15
20190 20214 15
20190 20215 15
20190 20216 15
20190 20217 15
20190 20218 15
20190 20219 15
20190 20220 15
20190 20221 15
20190 20222 15
20190 20223 15
20190 20224 15
20190 20225 15
20190 20226 15
20190 20227 15
20190 20228 15
20190 20229 15
20190 20230 15
20190 20231 15
20190 20232 15
20190 20233 15
20190 20234 15
20190 20235 15
20190 20236 15
20190 20237 15
20190 20238 15
20190 20239 15
20190 20240 15
20190 20241 15
20190 20242 15
20190 20243 15
20190 20244 15
20190 20245 15
20190 20246 15
20190 20247 15
20190 20248 15
20190 20249 15
20190 20250 15
20190 20251 15
20190 20252 15
20190 20253 15
20190 20254 15
20190 20255 15
20190 20256 15
20190 20257 15
20190 20258 15
20190 20259 15
20190 20260 15
20190 20261 15
20190 20262 15
20190 20263 15
20190 20264 15
20190 20265 15
20190 20266 15
20190 20267 15
20190 20268 15
20190 20269 15
20190 20270 15
20190 20271 15
20190 20272 15
20190 20273 15
20190 20274 15
20190 20275 15
20190 20276 15
20190 20277 15
20190 20278 15
20190 20279 15
20190 20280 15
20190 20281 15
20190 20282 15
20190 20283 15
20190 20284 15
20190 20285 15
20190 20286 15
20190 20287 15
20190 20288 15
20190 20289 15
20190 20290 15
20190 20291 15
20190 20292 15
20190 20293 15
20190 20294 15
20190 20295 15
20190 20296 15
20190 20297 15
20190 20298 15
20190 20299 15
20190 20300 15
20190 20301 15
20190 20302 15
20190 20303 15
20190 20304 15
20190 20305 15
20190 20306 15
20190 20307 15
20190 20308 15
20190 20309 15
20190 20310 15
20190 20311 15
20190 20312 15
20190 20313 15
20190 20314 15
20190 20315 15
20190 20316 15
20190 20317 15
20190 20318 15
20190 20319 15
20190 20320 15
20190 20321 15
20190 20322 15
20190 20323 15
20190 20324 15
20190 20325 15
20190 20326 15
20190 20327 15
20190 20328 15
20190 20329 15
20190 20330 15
20190 20331 15
20190 20332 15
20190 20333 15
20190 20334 15
20190 20335 15
20190 20336 15
20190 20337 15
20190 20338 15
20190 20339 15
20190 20340 15
20190 20341 15
20190 20342 15
20190 20343 15
20190 20344 15
20190 20345 15
20190 20346 15
20190 20347 15
20190 20348 15
20190 20349 15
20190 20350 15
20190 20351 15
20190 20352 15
20190 20353 15
20190 20354 15
20190 20355 15
20190 20356 15
20190 20357 15
20190 20358 15
20190 20359 15
20190 20360 15
20190 20361 15
20190 20362 15
20190 20363 15
20190 20364 15
20190 20365 15
20190 20366 15
20190 20367 15
20190 20368 15
20190 20369 15
20190 20370 15
20190 20371 15
20190 20372 15
20190 20373 15
20190 20374 15
20190 20375 15
20190 20376 15
20190 20377 15
20190 20378 15
20190 20379 15
20190 20380 15
20190 20381 15
20190 20382 15
20190 20383 15
20190 20384 15
20190 20385 15
20190 20386 15
20190 20387 15
20190 20388 15
20190 20389 15
20190 20390 15
20190 20391 15
20190 20392 15
20190 20393 15
20190 20394 15
20190 20395 15
20190 20396 15
20190 20397 15
20190 20398 15
20190 20399 15
20190 20400 15
20190 20401 15
20190 20402 15
20190 20403 15
20190 20404 15
20190 20405 15
20190 20406 15
20190 20407 15
20190 20408 15
20190 20409 15
20190 20410 15
20190 20411 15
20190 20412 15
20190 20413 15
20190 20414 15
20190 20415 15
20190 20416 15
20190 20417 15
20190 20418 15
20190 20419 15
20190 20420 15
20190 20421 15
20190 20422 15
20190 20423 15
20190 20424 15
20190 20425 15
20190 20426 15
20190 20427 15
20190 20428 15
20190 20429 15
20190 20430 15
20190 20431 15
20190 20432 15
20190 20433 15
20190 20434 15
20190 20435 15
20190 20436 15
20190 20437 15
20190 20438 15
20190 20439 15
20190 20440 15
20190 20441 15
20190 20442 15
20190 20443 15
20190 20444 15
20190 20445 15
20190 20446 15
20190 20447 15
20190 20448 15
20190 20449 15
20190 20450 15
20190 20451 15
20190 20452 15
20190 20453 15
20190 20454 15
20190 20455 15
20190 20456 15
20190 20457 15
20190 20458 15
20190 20459 15
20190 20460 15
20190 20461 15
20190 20462 15
20190 20463 15
20190 20464 15
20190 20465 15
20190 20466 15
20190 20467 15
20190 20468 15
20190 20469 15
20190 20470 15
20190 20471 15
20190 20472 15
20190 20473 15
20190 20474 15
20190 20475 15
20190 20476 15
20190 20477 15
20190 20478 15
20190 20479 15
20190 20480 15
20190 20481 15
20190 20482 15
20190 20483 15
20190 20484 15
20190 20485 15
20190 20486 15
20190 20487 15
20190 20488 15
20190 20489 15
20190 20490 15
20190 20491 15
20190 20492 15
20190 20493 15
20190 20494 15
20190 20495 15
20190 20496 15
20190 20497 15
20190 20498 15
20190 20499 15
20190 20500 15
20190 20501 15
20190 20502 15
20190 20503 15
20190 20504 15
20190 20505 15
20190 20506 15
20190 20507 15
20190 20508 15
20190 20509 15
20190 20510 15
20190 20511 15
20190 20512 15
20190 20513 15
20190 20514 15
20190 20515 15
20190 20516 15
20190 20517 15
20190 20518 15
20190 20519 15
20190 20520 15
20190 20521 15
20190 20522 15
20190 20523 15
20190 20524 15
20190 20525 15
20190 20526 15
20190 20527 15
20190 20528 15
20190 20529 15
20190 20530 15
20190 20531 15
20190 20532 15
20190 20533 15
20190 20534 15
20190 20535 15
20190 20536 15
20190 20537 15
20190 20538 15
20190 20539 15
20190 20540 15
20190 20541 15
20190 20542 15
20190 20543 15
20190 20544 15
20190 20545 15
20190 20546 15
20190 20547 15
20190 20548 15
20190 20549 15
20190 20550 15
20190 20551 15
20190 20552 15
20190 20553 15
20190 20554 15
20190 20555 15
20190 20556 15
20190 20557 15
20190 20558 15
20190 20559 15
20190 20560 15
20190 20561 15
20190 20562 15
20190 20563 15
20190 20564 15
20190 20565 15
20190 20566 15
20190 20567 15
20190 20568 15
20190 20569 15
20190 20570 15
20190 20571 15
20190 20572 15
20190 20573 15
20190 20574 15
20190 20575 15
20190 20576 15
20190 20577 15
20190 20578 15
20190 20579 15
20190 20580 15
20190 20581 15
20190 20582 15
20190 20583 15
20190 20584 15
20190 20585 15
20190 20586 15
20190 20587 15
20190 20588 15
20190 20589 15
20190 20590 15
20190 20591 15
20190 20592 15
20190 20593 15
20190 20594 15
20190 20595 15
20190 20596 15
20190 20597 15
20190 20598 15
20190 20599 15
20190 20600 15
20190 20601 15
20190 20602 15
20190 20603 15
20190 20604 15
20190 20605 15
20190 20606 15
20190 20607 15
20190 20608 15
20190 20609 15
20190 20610 15
20190 20611 15
20190 20612 15
20190 20613 15
20190 20614 15
20190 20615 15
20190 20616 15
20190 20617 15
20190 20618 15
20190 20619 15
20190 20620 15
20190 20621 15
20190 20622 15
20190 20623 15
20190 20624 15
20190 20625 15
20190 20626 15
20190 20627 15
20190 20628 15
20190 20629 15
20190 20630 15
20190 20631 15
20190 20632 15
20190 20633 15
20190 20634 15
20190 20635 15
20190 20636 15
20190 20637 15
20190 20638 15
20190 20639 15
20190 20640 15
20190 20641 15
20190 20642 15
20190 20643 15
20190 20644 15
20190 20645 15
20190 20646 15
20190 20647 15
20190 20648 15
20190 20649 15
20190 20650 15
20190 20651 15
20190 20652 15
20190 20653 15
20190 20654 15
20190 20655 15
20190 20656 15
20190 20657 15
20190 20658 15
20190 20659 15
20190 20660 15
20190 20661 15
20190 20662 15
20190 20663 15
20190 20664 15
20190 20665 15
20190 20666 15
20190 20667 15
20190 20668 15
20190 20669 15
20190 20670 15
20190 20671 15
20190 20672 15
20190 20673 15
20190 20674 15
20190 20675 15
20190 20676 15
20190 20677 15
20190 20678 15
20190 20679 15
20190 20680 15
20190 20681 15
20190 20682 15
20190 20683 15
20190 20684 15
20190 20685 15
20190 20686 15
20190 20687 15
20190 20688 15
20190 20689 15
20190 20690 15
20190 20691 15
20190 20692 15
20190 20693 15
20190 20694 15
20190 20695 15
20190 20696 15
20190 20697 15
20190 20698 15
20190 20699 15
20190 20700 15
20190 20701 15
20190 20702 15
20190 20703 15
20190 20704 15
20190 20705 15
20190 20706 15
20190 20707 15
20190 20708 15
20190 20709 15
20190 20710 15
20190 20711 15
20190 20712 15
20190 20713 15
20190 20714 15
20190 20715 15
20190 20716 15
20190 20717 15
20190 20718 15
20190 20719 15
20190 20720 15
20190 20721 15
20190 20722 15
20190 20723 15
20190 20724 15
20190 20725 15
20190 20726 15
20190 20727 15
20190 20728 15
20190 20729 15
20190 20730 15
20190 20731 15
20190 20732 15
20190 20733 15
20190 20734 15
20190 20735 15
20190 20736 15
20190 20737 15
20190 20738 15
20190 20739 15
20190 20740 15
20190 20741 15
20190 20742 15
20190 20743 15
20190 20744 15
20190 20745 15
20190 20746 15
20190 20747 15
20190 20748 15
20190 20749 15
20190 20750 15
20190 20751 15
20190 20752 15
20190 20753 15
20190 20754 15
20190 20755 15
20190 20756 15
20190 20757 15
20190 20758 15
20190 20759 15
20190 20760 15
20190 20761 15
20190 20762 15
20190 20763 15
20190 20764 15
20190 20765 15
20190 20766 15
20190 20767 15
20190 20768 15
20190 20769 15
20190 20770 15
20190 20771 15
20190 20772 15
20190 20773 15
20190 20774 15
20190 20775 15
20190 20776 15
20190 20777 15
20190 20778 15
20190 20779 15
20190 20780 15
20190 20781 15
20190 20782 15
20190 20783 15
20190 20784 15
20190 20785 15
20190 20786 15
20190 20787 15
20190 20788 15
20190 20789 15
20190 20790 15
20190 20791 15
20190 20792 15
20190 20793 15
20190 20794 15
20190 20795 15
20190 20796 15
20190 20797 15
20190 20798 15
20190 20799 15
20190 20800 15
20190 20801 15
20190 20802 15
20190 20803 15
20190 20804 15
20190 20805 15
20190 20806 15
20190 20807 15
20190 20808 15
20190 20809 15
20190 20810 15
20190 20811 15
20190 20812 15
20190 20813 15
20190 20814 15
20190 20815 15
20190 20816 15
20190 20817 15
20190 20818 15
