13376 13359 23
13376 13360 23
13376 13367 23
13377 13359 23
13377 13360 23
13377 13367 23
13377 13366 23
13377 13368 23
13377 13374 23
13377 13365 23
13522 13523 23
13522 13524 23
13522 13525 23
13523 13527 23
13523 13528 23
13523 13529 23
13523 13530 23
13524 13531 23
13524 13532 23
13524 13533 23
13524 13534 23
13524 13535 23
13524 13536 23
13524 13537 23
13524 13538 23
13525 13539 23
13525 13540 23
13525 13541 23
13526 13550 23
13526 13551 23
13526 13552 23
13531 13553 23
13531 13554 23
13531 13555 23
13538 13556 23
13538 13557 23
13538 13558 23
13539 13542 23
13539 13543 23
13539 13544 23
13539 13545 23
13540 13546 23
13540 13547 23
13541 13548 23
13541 13549 23
