13358 21080 21
13359 21081 21
13360 21082 21
13361 21083 21
13361 21084 21
13365 21085 21
13366 21080 21
13367 21086 21
13367 21087 21
13368 21088 21
13369 21089 21
13370 21090 21
13371 21080 21
13372 21091 21
13373 21092 21
13374 21093 21
13374 21094 21
13374 21095 21
13374 21084 21
13375 21080 21
13376 21080 21
13377 21080 21
13378 21080 21
13379 21096 21
13380 21096 21
13381 21096 21
13382 21096 21
13383 21096 21
13384 21096 21
13385 21096 21
13386 21096 21
13387 21096 21
13388 21096 21
13389 21096 21
13390 21096 21
13391 21096 21
13392 21096 21
13393 21096 21
13394 21096 21
13395 21096 21
13396 21096 21
13397 21096 21
13398 21096 21
13399 21096 21
13400 21096 21
13401 21096 21
13402 21096 21
13403 21096 21
13404 21096 21
13405 21096 21
13406 21096 21
13407 21096 21
13408 21096 21
13409 21096 21
13410 21096 21
13411 21096 21
13412 21096 21
13413 21096 21
13414 21096 21
