18606 0 16
18606 1 16
18606 2 16
18606 3 16
18606 4 16
18606 5 16
18606 6 16
18606 7 16
18550 8 16
18471 9 16
18471 10 16
18550 11 16
18471 12 16
18471 13 16
18471 14 16
18606 15 16
18942 16 16
18942 17 16
18942 18 16
18942 19 16
18942 20 16
18942 21 16
18942 22 16
18942 23 16
18942 24 16
18942 25 16
18942 26 16
18651 27 16
18651 28 16
18651 29 16
18651 30 16
18651 31 16
18942 32 16
18942 33 16
18651 34 16
18942 5 16
18942 36 16
18942 37 16
18942 38 16
18942 39 16
18942 40 16
18942 41 16
18942 42 16
18942 43 16
18942 44 16
18942 45 16
18942 46 16
19358 47 16
19358 48 16
19358 49 16
19358 50 16
19358 51 16
19358 52 16
19358 53 16
19358 54 16
19358 55 16
19358 56 16
19358 57 16
19358 58 16
19358 59 16
19358 60 16
19358 61 16
19358 62 16
19358 63 16
19358 64 16
19358 65 16
19358 66 16
19358 67 16
19358 68 16
19358 69 16
19358 70 16
19358 71 16
19358 72 16
19358 73 16
19358 74 16
19358 75 16
19358 76 16
19358 77 16
19358 78 16
19358 79 16
19358 80 16
19358 81 16
19358 82 16
19358 83 16
19358 84 16
19358 85 16
19358 86 16
19358 87 16
19358 88 16
19358 89 16
19358 90 16
19358 91 16
19358 92 16
19358 93 16
19358 94 16
19358 95 16
19358 96 16
19358 97 16
19358 98 16
19358 99 16
19358 100 16
19358 101 16
19358 102 16
19358 103 16
19358 104 16
19358 105 16
19358 106 16
19358 107 16
19358 108 16
19358 109 16
19358 110 16
19358 111 16
19358 112 16
19358 113 16
19358 114 16
19358 115 16
19358 116 16
19358 117 16
19358 118 16
19358 119 16
19358 120 16
19358 121 16
19358 122 16
19358 123 16
19358 124 16
19358 125 16
19358 126 16
19358 127 16
19358 128 16
19358 129 16
19358 130 16
19358 131 16
19358 132 16
19358 133 16
19358 134 16
19358 135 16
19358 136 16
19358 137 16
19358 138 16
19358 139 16
19358 140 16
19358 141 16
19358 142 16
19358 143 16
19358 144 16
19358 145 16
19358 146 16
19358 147 16
19358 148 16
19358 149 16
19358 150 16
19358 151 16
19358 152 16
19358 153 16
19358 154 16
19358 155 16
19358 156 16
19358 157 16
19358 158 16
19358 159 16
19358 160 16
19358 161 16
19358 162 16
19358 163 16
19358 164 16
19358 165 16
19358 166 16
19358 167 16
19358 168 16
19358 169 16
19358 170 16
19358 171 16
19358 172 16
19358 173 16
19358 174 16
19358 175 16
19358 176 16
19358 177 16
19358 178 16
19358 179 16
19358 180 16
19358 181 16
19358 182 16
19358 183 16
19358 184 16
19358 185 16
19358 186 16
19358 187 16
19358 188 16
19358 189 16
19358 190 16
19358 191 16
19358 192 16
19358 193 16
19358 194 16
19358 195 16
19358 196 16
19358 197 16
19358 198 16
19358 199 16
19358 200 16
19358 201 16
19358 202 16
19358 203 16
19358 204 16
19358 205 16
19358 206 16
19358 207 16
19358 208 16
19358 209 16
19358 210 16
19358 211 16
19358 212 16
19358 213 16
19358 214 16
19358 215 16
19358 216 16
19358 217 16
19358 218 16
19358 219 16
19358 220 16
19358 221 16
19358 222 16
19358 223 16
19358 224 16
19358 225 16
19358 226 16
19358 227 16
19358 228 16
19358 229 16
19358 230 16
19358 231 16
19358 232 16
19358 233 16
19358 234 16
19358 235 16
19358 236 16
19358 237 16
19358 238 16
19358 239 16
19358 240 16
19358 241 16
19358 242 16
19358 243 16
19358 244 16
19358 245 16
19358 246 16
19358 247 16
19358 248 16
19358 249 16
19358 250 16
19358 251 16
19358 252 16
19358 253 16
19358 254 16
19358 255 16
19358 256 16
19358 257 16
19358 258 16
19358 259 16
19358 260 16
19358 261 16
19358 262 16
19358 263 16
19358 264 16
19358 265 16
19358 266 16
19358 267 16
19358 268 16
19358 269 16
19358 270 16
19358 271 16
19358 272 16
19358 273 16
19358 274 16
19358 275 16
19358 276 16
19358 277 16
19358 278 16
19358 279 16
19358 280 16
19358 281 16
19358 282 16
19358 283 16
19358 284 16
19358 285 16
19358 286 16
19358 287 16
19358 288 16
19358 289 16
19358 290 16
19358 291 16
19358 292 16
19358 293 16
19358 294 16
19358 295 16
19358 296 16
19358 297 16
19358 298 16
19358 299 16
19358 300 16
19358 301 16
19358 302 16
19358 303 16
19358 304 16
19358 305 16
19358 306 16
19358 307 16
19358 308 16
19358 309 16
19358 310 16
19358 311 16
19358 312 16
19358 313 16
19358 314 16
19358 315 16
19358 316 16
19358 317 16
19358 318 16
19358 319 16
19358 320 16
19358 321 16
19358 322 16
19358 323 16
19358 324 16
19358 325 16
19358 326 16
19358 327 16
19358 328 16
19358 329 16
19358 330 16
19358 331 16
19358 332 16
19358 333 16
19358 334 16
19358 335 16
19358 336 16
19358 337 16
19358 338 16
19358 339 16
19358 340 16
