18550 10980 19
18550 10981 19
18550 10982 19
18550 10983 19
18550 10984 19
18550 10985 19
18550 10986 19
18550 10987 19
18550 10988 19
18550 10989 19
18550 10990 19
18550 10991 19
18550 10992 19
18550 10993 19
18550 10994 19
18550 10995 19
18550 10996 19
18550 10997 19
18550 10998 19
18550 10999 19
18550 11000 19
18550 11001 19
18550 11002 19
18550 11003 19
18550 11004 19
18550 11005 19
18550 11006 19
18550 11007 19
18550 11008 19
18550 11009 19
18550 11010 19
18471 11011 19
18471 11012 19
18471 11013 19
18471 11014 19
18471 11015 19
18471 11016 19
18471 11017 19
18471 11018 19
18471 11019 19
18471 11020 19
18471 11021 19
18471 11022 19
18471 11023 19
18471 11024 19
18471 11025 19
18471 11026 19
18471 11027 19
18471 11028 19
18471 11029 19
18471 11030 19
18471 11031 19
18471 11032 19
18471 11033 19
18471 11034 19
18471 11035 19
18471 11036 19
18471 11037 19
18471 11038 19
18606 11039 19
18606 11040 19
18606 11041 19
18606 11042 19
18606 11043 19
18606 11044 19
18471 11046 19
18471 11047 19
18630 11048 19
18630 11049 19
18471 11050 19
18471 11051 19
18471 11052 19
18471 11053 19
18471 11054 19
18471 11055 19
18550 11056 19
18550 11057 19
18550 11058 19
18550 11059 19
18550 11060 19
18550 11061 19
18550 11062 19
18550 11063 19
18550 11064 19
18550 11065 19
18550 11066 19
18550 11067 19
18550 11069 19
18550 11070 19
18550 11071 19
18550 11072 19
18471 11073 19
18458 11074 19
18458 11075 19
18458 11076 19
18458 11077 19
19054 11078 19
18550 11079 19
18550 11080 19
18550 11081 19
18550 11082 19
18471 11083 19
18471 11084 19
18460 11085 19
18458 11086 19
18458 11087 19
18458 11088 19
18550 11089 19
18550 11090 19
18630 11091 19
18471 11092 19
18651 11093 19
18651 11094 19
18651 11095 19
18651 11096 19
18651 11097 19
18651 11098 19
18651 11099 19
18651 11100 19
18651 11013 19
18651 10980 19
18651 10981 19
18651 11104 19
18651 11105 19
18651 11106 19
18651 11107 19
18651 11108 19
18651 11109 19
18651 11110 19
18651 11111 19
18651 11018 19
18651 11019 19
18651 11114 19
18651 11115 19
18651 11116 19
18651 11117 19
18651 11118 19
18651 10982 19
18651 11120 19
18651 11028 19
18651 11122 19
18651 11123 19
18651 11032 19
18651 10992 19
18651 10993 19
18651 10994 19
18651 10995 19
18651 11129 19
18651 11130 19
18651 11131 19
18651 11132 19
18651 11133 19
18651 11134 19
18651 11135 19
18651 10996 19
18651 10997 19
18651 10998 19
18651 10999 19
18651 11140 19
18651 11141 19
18651 11142 19
18651 11143 19
18651 11144 19
18651 11145 19
18651 11146 19
18651 11147 19
18651 11148 19
18651 11149 19
18651 11150 19
18651 11151 19
18651 11152 19
18651 11153 19
18651 11154 19
18651 11155 19
18651 11156 19
18651 11157 19
18651 11158 19
18651 11159 19
18651 11160 19
18651 11161 19
18651 11162 19
18651 11163 19
18651 11164 19
18651 11165 19
18651 11166 19
18651 11033 19
18651 11168 19
18651 11169 19
18651 11170 19
18651 11035 19
18651 11036 19
18651 11173 19
18651 11174 19
18651 11001 19
18651 11176 19
18651 11177 19
18651 11004 19
18651 11179 19
18651 11180 19
18651 11005 19
18651 11182 19
18651 11183 19
18651 11006 19
18651 11185 19
18651 11186 19
18651 11187 19
18651 11188 19
18651 11189 19
18651 11190 19
18651 11191 19
18651 11192 19
18651 11007 19
18651 11008 19
18651 11195 19
18651 11009 19
18651 11010 19
18651 11198 19
18651 11199 19
18651 11200 19
18651 11201 19
18651 11202 19
18942 11203 19
18942 11204 19
18942 11205 19
18942 11206 19
18942 11207 19
18942 11208 19
18942 11209 19
18942 11210 19
18942 11211 19
18942 11212 19
18942 11213 19
18942 11214 19
18651 11219 19
18651 11220 19
18651 11221 19
18651 11222 19
18651 11223 19
18651 11058 19
18651 11225 19
18651 11226 19
18651 11227 19
18651 11228 19
18651 11229 19
18651 11230 19
18651 11231 19
18651 11063 19
18651 11233 19
18651 11065 19
18651 11067 19
18651 11236 19
19346 11256 19
19345 11256 19
19346 11257 19
19345 11257 19
19346 11258 19
19345 11258 19
18651 11259 19
18651 11260 19
18651 11261 19
18651 11262 19
18651 11263 19
18651 11264 19
18651 11265 19
18651 11266 19
18651 11267 19
18651 11268 19
18651 11269 19
18651 11270 19
18651 11271 19
18651 11272 19
18651 11273 19
18651 11274 19
18651 11275 19
18651 11276 19
18651 11277 19
18651 11278 19
18651 11279 19
18651 11280 19
18651 11281 19
18651 11282 19
18651 11283 19
18651 11284 19
18651 11285 19
18651 11286 19
18651 11287 19
18651 11288 19
18651 11289 19
18651 11290 19
18651 11291 19
18651 11292 19
18651 11293 19
18651 11294 19
18651 11295 19
18651 11296 19
18651 11297 19
18651 11057 19
19358 11302 19
19358 11303 19
19358 11304 19
19346 11305 19
19345 11305 19
19306 11306 19
19426 11311 19
19426 11312 19
19346 11315 19
19345 11315 19
19366 11316 19
19346 11318 19
19345 11318 19
19416 11199 19
19346 11321 19
19345 11321 19
19346 11322 19
19345 11322 19
19346 11323 19
19345 11323 19
19346 11324 19
19345 11324 19
19346 11325 19
19345 11325 19
19113 11326 19
19124 11327 19
19127 11329 19
19115 11331 19
19117 11337 19
19221 11338 19
19259 11339 19
19255 11341 19
19134 11347 19
19230 11351 19
19164 11352 19
19163 11353 19
19166 11354 19
19138 11355 19
19272 11356 19
19180 11360 19
19161 11361 19
19161 11362 19
19151 11363 19
