20294 19438 17
19999 19439 17
20558 19440 17
20467 19441 17
20558 19442 17
20002 19443 17
19999 19444 17
20790 19445 17
19759 19446 17
20590 19447 17
19999 19448 17
19738 19449 17
19759 19450 17
19999 19451 17
19999 19452 17
20467 19453 17
19738 19454 17
20105 19455 17
20467 19456 17
20294 19457 17
19999 19458 17
20034 19459 17
20254 19460 17
20294 19461 17
19759 19462 17
20294 19463 17
19759 19464 17
20294 19465 17
19759 19466 17
19759 19467 17
20294 19468 17
20467 19469 17
20180 19470 17
20467 19471 17
20790 19472 17
20294 19473 17
20604 19474 17
20590 19475 17
20254 19476 17
19461 19477 17
20790 19478 17
19999 19479 17
20294 19480 17
20294 19481 17
20294 19482 17
20758 19483 17
20002 19484 17
19865 19485 17
19999 19486 17
20362 19487 17
20476 19488 17
19759 19489 17
20020 19490 17
20294 19491 17
20587 19492 17
20254 19493 17
20294 19494 17
20790 19495 17
19999 19496 17
19461 19497 17
19999 19498 17
19999 19499 17
19999 19500 17
20467 19501 17
20424 19502 17
19999 19503 17
19999 19504 17
19738 19505 17
20790 19506 17
20002 19507 17
20357 19508 17
20590 19509 17
20294 19510 17
19999 19511 17
19999 19512 17
20254 19513 17
20357 19514 17
20089 19515 17
20742 19516 17
19999 19517 17
20790 19518 17
20246 19519 17
20590 19520 17
20818 19521 17
20790 19522 17
19999 19523 17
19999 19524 17
20790 19525 17
20590 19526 17
20558 19527 17
19759 19528 17
20254 19529 17
20357 19530 17
19999 19531 17
20790 19532 17
20294 19533 17
20294 19534 17
20790 19535 17
20467 19536 17
19999 19537 17
20294 19538 17
20594 19539 17
19999 19540 17
20558 19541 17
20458 19542 17
20002 19543 17
20357 19544 17
20294 19545 17
19738 19546 17
20294 19547 17
19759 19548 17
20294 19549 17
20790 19550 17
20714 19551 17
20790 19552 17
19479 19553 17
20357 19554 17
20147 19555 17
20002 19556 17
20020 19557 17
20790 19558 17
19999 19559 17
20357 19560 17
19759 19561 17
19999 19562 17
19759 19563 17
19999 19564 17
20790 19565 17
20714 19566 17
19964 19567 17
20294 19568 17
20790 19569 17
20294 19570 17
20590 19571 17
20790 19572 17
19759 19573 17
20294 19574 17
20490 19575 17
20790 19576 17
20357 19577 17
20294 19578 17
20294 19579 17
19999 19580 17
20002 19581 17
20590 19582 17
19759 19583 17
20467 19584 17
19608 19585 17
19759 19586 17
20002 19587 17
20294 19588 17
19999 19589 17
20231 19590 17
20590 19591 17
20790 19592 17
20002 19593 17
20790 19594 17
20294 19595 17
20147 19596 17
19999 19597 17
19999 19598 17
19807 19599 17
20336 19600 17
20002 19601 17
19999 19602 17
19759 19603 17
20294 19604 17
20790 19605 17
20790 19606 17
20790 19607 17
20790 19608 17
20790 19609 17
19759 19610 17
20590 19611 17
19759 19612 17
20254 19613 17
20467 19614 17
19759 19615 17
20790 19616 17
20122 19617 17
20590 19618 17
20790 19619 17
20294 19620 17
20246 19621 17
19699 19622 17
20254 19623 17
19759 19624 17
19999 19625 17
20357 19626 17
20467 19627 17
20790 19628 17
19999 19629 17
19759 19630 17
19461 19631 17
19999 19632 17
20594 19633 17
19759 19634 17
19759 19635 17
19999 19636 17
19738 19637 17
19759 19638 17
20357 19639 17
19759 19640 17
20790 19641 17
20790 19642 17
19999 19643 17
20020 19644 17
20259 19645 17
20020 19646 17
20294 19647 17
19999 19648 17
20790 19649 17
19999 19650 17
20790 19651 17
20357 19652 17
20294 19653 17
20790 19654 17
19826 19655 17
20352 19656 17
20089 19657 17
19824 19658 17
20294 19659 17
20590 19660 17
19999 19661 17
19759 19662 17
20002 19663 17
20002 19664 17
20790 19665 17
20294 19666 17
20089 19667 17
20357 19668 17
20315 19669 17
19999 19670 17
19999 19671 17
20002 19672 17
19607 19673 17
20414 19674 17
19687 19675 17
20294 19676 17
20294 19677 17
19759 19678 17
20254 19679 17
20294 19680 17
20790 19681 17
20590 19682 17
19738 19683 17
20790 19684 17
20020 19685 17
20790 19686 17
20089 19687 17
20294 19688 17
19964 19689 17
20294 19690 17
19461 19691 17
20294 19692 17
19823 19693 17
20254 19694 17
20294 19695 17
19999 19696 17
20294 19697 17
20790 19698 17
19999 19699 17
20507 19700 17
19759 19701 17
20790 19702 17
19759 19703 17
19999 19704 17
20357 19705 17
20002 19706 17
20294 19707 17
20294 19708 17
20294 19709 17
20414 19710 17
20294 19711 17
20790 19712 17
20790 19713 17
20590 19714 17
20294 19715 17
20246 19716 17
20254 19717 17
19999 19718 17
20590 19719 17
19999 19720 17
19999 19721 17
20790 19722 17
20357 19723 17
19999 19724 17
20002 19725 17
20294 19726 17
20590 19727 17
19999 19728 17
19759 19729 17
19759 19730 17
20002 19731 17
20002 19732 17
20357 19733 17
20790 19734 17
19759 19735 17
20357 19736 17
20294 19737 17
20590 19738 17
19759 19739 17
20458 19740 17
19759 19741 17
19999 19742 17
19999 19743 17
19759 19744 17
20590 19745 17
19667 19746 17
20790 19747 17
20790 19748 17
19687 19749 17
20294 19750 17
19759 19751 17
20467 19752 17
20294 19753 17
20357 19754 17
20414 19755 17
20590 19756 17
20590 19757 17
19738 19758 17
20294 19759 17
19759 19760 17
20294 19761 17
20590 19762 17
20254 19763 17
20002 19764 17
19999 19765 17
19738 19766 17
20294 19767 17
20294 19768 17
20294 19769 17
20357 19770 17
20790 19771 17
19759 19772 17
20294 19773 17
19999 19774 17
20357 19775 17
19759 19776 17
19759 19777 17
19759 19778 17
20002 19779 17
19999 19780 17
20640 19781 17
20790 19782 17
19759 19783 17
19964 19784 17
20790 19785 17
20357 19786 17
20467 19787 17
20020 19788 17
20790 19789 17
20590 19790 17
20294 19791 17
20294 19792 17
20590 19793 17
19759 19794 17
19738 19795 17
20020 19796 17
20294 19797 17
19999 19798 17
19999 19799 17
19759 19800 17
19759 19801 17
19759 19802 17
19999 19803 17
20790 19804 17
19759 19805 17
19999 19806 17
20662 19807 17
20776 19808 17
20590 19809 17
19999 19810 17
19999 19811 17
19470 19812 17
20002 19813 17
20790 19814 17
19759 19815 17
19999 19816 17
20294 19817 17
20590 19818 17
20291 19819 17
20294 19820 17
20294 19821 17
20558 19822 17
20550 19823 17
19823 19824 17
19999 19825 17
20790 19826 17
20467 19827 17
19759 19828 17
20790 19829 17
19759 19830 17
20467 19831 17
20294 19832 17
20590 19833 17
19999 19834 17
20294 19835 17
20294 19836 17
20294 19837 17
20357 19838 17
19759 19839 17
20790 19840 17
20790 19841 17
20467 19842 17
19726 19843 17
20294 19844 17
19461 19845 17
20427 19846 17
19999 19847 17
20294 19848 17
19999 19849 17
20790 19850 17
19999 19851 17
20494 19852 17
19759 19853 17
19993 19854 17
20558 19855 17
20002 19856 17
19759 19857 17
20790 19858 17
20790 19859 17
19759 19860 17
19999 19861 17
19999 19862 17
19738 19863 17
20357 19864 17
20790 19865 17
20036 19866 17
19759 19867 17
19989 19868 17
19999 19869 17
20147 19870 17
20294 19871 17
20467 19872 17
19759 19873 17
19759 19874 17
20089 19875 17
20357 19876 17
20390 19877 17
19738 19878 17
20467 19879 17
19999 19880 17
19999 19881 17
20590 19882 17
20294 19883 17
20294 19884 17
20002 19885 17
20254 19886 17
20294 19887 17
20089 19888 17
20468 19889 17
19759 19890 17
19738 19891 17
19447 19892 17
20587 19893 17
19738 19894 17
20467 19895 17
19999 19896 17
20294 19897 17
19999 19898 17
20089 19899 17
20006 19900 17
20119 19901 17
19999 19902 17
19738 19903 17
20020 19904 17
19964 19905 17
20458 19906 17
19759 19907 17
20294 19908 17
19999 19909 17
20714 19910 17
19759 19911 17
19593 19912 17
19823 19913 17
19759 19914 17
20294 19915 17
19759 19916 17
19759 19917 17
19759 19918 17
19989 19919 17
20002 19920 17
20467 19921 17
20294 19922 17
20357 19923 17
20790 19924 17
20790 19925 17
20587 19926 17
20818 19927 17
19759 19928 17
19999 19929 17
19707 19930 17
19759 19931 17
19687 19932 17
20590 19933 17
19759 19934 17
20590 19935 17
19759 19936 17
20089 19937 17
20560 19938 17
20089 19939 17
20357 19940 17
20467 19941 17
20467 19942 17
20590 19943 17
20315 19944 17
19759 19945 17
20790 19946 17
20132 19947 17
20357 19948 17
19999 19949 17
19855 19950 17
20130 19951 17
20587 19952 17
20790 19953 17
20294 19954 17
20790 19955 17
20089 19956 17
20357 19957 17
20294 19958 17
20790 19959 17
20790 19960 17
19759 19961 17
20294 19962 17
19759 19963 17
20433 19964 17
19759 19965 17
20374 19966 17
20714 19967 17
20590 19968 17
19999 19969 17
20294 19970 17
19999 19971 17
19504 19972 17
20250 19973 17
20467 19974 17
20294 19975 17
20294 19976 17
20357 19977 17
19999 19978 17
20246 19979 17
20294 19980 17
20714 19981 17
19759 19982 17
20751 19983 17
20294 19984 17
20254 19985 17
20036 19986 17
20294 19987 17
20357 19988 17
20089 19989 17
20089 19990 17
19466 19991 17
19804 19992 17
20089 19993 17
20590 19994 17
19999 19995 17
20246 19996 17
19999 19997 17
20294 19998 17
20294 19999 17
19999 20000 17
19759 20001 17
20458 20002 17
19759 20003 17
20307 20004 17
19999 20005 17
20089 20006 17
19912 20007 17
20036 20008 17
19999 20009 17
19759 20010 17
19807 20011 17
20020 20012 17
19687 20013 17
19759 20014 17
20604 20015 17
20790 20016 17
20790 20017 17
19999 20018 17
19999 20019 17
20458 20020 17
19999 20021 17
19999 20022 17
19999 20023 17
20294 20024 17
19999 20025 17
20294 20026 17
20002 20027 17
19999 20028 17
20294 20029 17
20467 20030 17
19804 20031 17
20790 20032 17
20294 20033 17
19732 20034 17
20790 20035 17
20294 20036 17
20590 20037 17
20294 20038 17
20810 20039 17
20122 20040 17
20590 20041 17
19999 20042 17
20357 20043 17
20254 20044 17
20254 20045 17
19999 20046 17
19888 20047 17
20294 20048 17
19993 20049 17
20002 20050 17
19999 20051 17
19989 20052 17
20357 20053 17
19759 20054 17
20604 20055 17
20590 20056 17
19799 20057 17
19759 20058 17
20294 20059 17
19999 20060 17
20357 20061 17
19999 20062 17
20790 20063 17
20790 20064 17
20467 20065 17
20294 20066 17
19999 20067 17
20002 20068 17
20294 20069 17
20315 20070 17
20590 20071 17
20294 20072 17
20357 20073 17
19759 20074 17
20790 20075 17
19823 20076 17
20790 20077 17
20467 20078 17
19759 20079 17
19999 20080 17
20590 20081 17
20315 20082 17
20002 20083 17
20790 20084 17
20790 20085 17
19759 20086 17
19687 20087 17
20254 20088 17
19731 20089 17
20414 20090 17
19759 20091 17
20357 20092 17
20357 20093 17
20590 20094 17
20790 20095 17
19999 20096 17
20790 20097 17
19759 20098 17
20467 20099 17
20590 20100 17
20467 20101 17
20590 20102 17
20790 20103 17
20294 20104 17
19999 20105 17
19461 20106 17
20002 20107 17
19461 20108 17
20357 20109 17
20467 20110 17
19759 20111 17
20352 20112 17
19999 20113 17
20357 20114 17
20790 20115 17
20467 20116 17
20467 20117 17
20790 20118 17
20294 20119 17
19999 20120 17
20294 20121 17
20089 20122 17
20294 20123 17
20790 20124 17
20790 20125 17
20790 20126 17
19759 20127 17
19759 20128 17
19759 20129 17
20433 20130 17
19759 20131 17
20294 20132 17
20407 20133 17
19759 20134 17
19999 20135 17
19759 20136 17
20294 20137 17
20294 20138 17
20590 20139 17
19574 20140 17
19759 20141 17
19999 20142 17
20790 20143 17
19804 20144 17
19504 20145 17
19759 20146 17
20002 20147 17
20590 20148 17
20790 20149 17
19759 20150 17
20357 20151 17
20357 20152 17
20790 20153 17
19641 20154 17
20294 20155 17
19759 20156 17
20294 20157 17
19759 20158 17
20294 20159 17
19759 20160 17
20059 20161 17
19759 20162 17
20294 20163 17
20294 20164 17
19993 20165 17
20357 20166 17
20231 20167 17
19999 20168 17
20357 20169 17
20259 20170 17
19790 20171 17
19759 20172 17
19759 20173 17
20414 20174 17
19999 20175 17
19461 20176 17
19759 20177 17
20790 20178 17
19759 20179 17
20002 20180 17
19999 20181 17
20132 20182 17
19999 20183 17
19999 20184 17
20790 20185 17
19888 20186 17
20294 20187 17
20790 20188 17
20590 20189 17
19999 20191 17
20594 20192 17
20587 20193 17
19999 20194 17
19738 20195 17
19759 20196 17
20357 20197 17
19999 20198 17
20020 20199 17
19759 20200 17
20467 20201 17
19999 20202 17
20699 20203 17
20790 20204 17
20020 20205 17
20294 20206 17
19461 20207 17
19999 20208 17
19759 20209 17
20590 20210 17
20790 20211 17
20294 20212 17
19999 20213 17
20357 20214 17
20790 20215 17
19999 20216 17
20294 20217 17
20587 20218 17
19759 20219 17
20294 20220 17
20790 20221 17
20790 20222 17
20590 20223 17
20790 20224 17
19759 20225 17
19759 20226 17
19999 20227 17
20414 20228 17
19781 20229 17
19883 20230 17
20590 20231 17
20089 20232 17
20002 20233 17
19999 20234 17
20699 20235 17
20294 20236 17
20790 20237 17
20294 20238 17
20467 20239 17
20294 20240 17
19759 20241 17
20776 20242 17
19999 20243 17
20558 20244 17
19759 20245 17
20002 20246 17
20294 20247 17
20521 20248 17
20458 20249 17
20002 20250 17
20254 20251 17
20590 20252 17
20467 20253 17
20590 20254 17
19759 20255 17
19759 20256 17
20790 20257 17
19759 20258 17
20089 20259 17
20357 20260 17
19999 20261 17
20020 20262 17
20357 20263 17
19738 20264 17
20590 20265 17
20294 20266 17
20294 20267 17
19999 20268 17
20590 20269 17
20254 20270 17
19759 20271 17
20294 20272 17
19759 20273 17
20254 20274 17
19999 20275 17
20467 20276 17
20790 20277 17
20590 20278 17
20294 20279 17
20357 20280 17
19759 20281 17
20313 20282 17
19738 20283 17
20294 20284 17
19999 20285 17
20089 20286 17
20790 20287 17
19999 20288 17
20294 20289 17
20324 20290 17
19807 20291 17
20590 20292 17
20467 20293 17
20190 20294 17
20714 20295 17
20089 20296 17
19999 20297 17
20343 20298 17
19759 20299 17
19759 20300 17
20790 20301 17
20594 20302 17
19738 20303 17
20294 20304 17
19759 20305 17
19999 20306 17
20089 20307 17
20790 20308 17
19759 20309 17
19759 20310 17
19939 20311 17
20790 20312 17
20587 20313 17
20590 20314 17
20002 20315 17
19866 20316 17
19759 20317 17
19999 20318 17
19999 20319 17
20790 20320 17
20790 20321 17
20467 20322 17
19667 20323 17
19759 20324 17
20790 20325 17
20357 20326 17
20458 20327 17
20294 20328 17
19759 20329 17
20467 20330 17
19759 20331 17
20294 20332 17
20357 20333 17
19989 20334 17
20294 20335 17
20089 20336 17
19759 20337 17
19999 20338 17
19759 20339 17
20790 20340 17
20231 20341 17
19999 20342 17
20790 20343 17
20294 20344 17
19759 20345 17
19759 20346 17
20002 20347 17
19738 20348 17
19759 20349 17
20467 20350 17
20254 20351 17
20089 20352 17
19759 20353 17
20467 20354 17
20294 20355 17
19999 20356 17
20590 20357 17
19759 20358 17
19759 20359 17
19999 20360 17
19759 20361 17
20002 20362 17
19738 20363 17
19759 20364 17
20294 20365 17
20294 20366 17
20357 20367 17
20294 20368 17
20790 20369 17
19999 20370 17
20294 20371 17
20790 20372 17
20294 20373 17
20714 20374 17
20714 20375 17
20790 20376 17
19999 20377 17
19461 20378 17
20236 20379 17
19738 20380 17
19759 20381 17
19888 20382 17
19999 20383 17
19999 20384 17
19989 20385 17
19999 20386 17
19999 20387 17
20294 20388 17
20147 20389 17
20590 20390 17
20590 20391 17
20294 20392 17
20490 20393 17
19759 20394 17
20590 20395 17
19461 20396 17
20294 20397 17
20002 20398 17
19983 20399 17
19999 20400 17
20414 20401 17
19999 20402 17
20790 20403 17
20414 20404 17
20790 20405 17
19999 20406 17
20002 20407 17
20790 20408 17
19759 20409 17
19759 20410 17
19759 20411 17
19759 20412 17
20790 20413 17
19999 20414 17
19999 20415 17
20357 20416 17
20790 20417 17
20790 20418 17
20590 20419 17
20427 20420 17
19759 20421 17
20790 20422 17
19759 20423 17
20294 20424 17
20296 20425 17
19759 20426 17
20294 20427 17
20294 20428 17
20672 20429 17
19999 20430 17
20357 20431 17
20714 20432 17
20002 20433 17
20254 20434 17
19759 20435 17
19899 20436 17
20357 20437 17
19999 20438 17
19738 20439 17
20590 20440 17
20254 20441 17
19738 20442 17
19461 20443 17
19461 20444 17
20294 20445 17
19999 20446 17
20164 20447 17
19461 20448 17
20294 20449 17
20002 20450 17
19526 20451 17
19999 20452 17
19937 20453 17
20467 20454 17
19759 20455 17
19956 20456 17
19738 20457 17
20190 20458 17
20294 20459 17
20006 20460 17
19759 20461 17
19738 20462 17
20467 20463 17
20746 20464 17
19999 20465 17
19999 20466 17
20590 20467 17
20590 20468 17
19759 20469 17
20739 20470 17
19515 20471 17
20254 20472 17
19759 20473 17
19999 20474 17
19759 20475 17
20790 20476 17
20790 20477 17
19956 20478 17
19667 20479 17
19759 20480 17
19759 20481 17
20590 20482 17
19999 20483 17
20254 20484 17
20259 20485 17
19759 20486 17
20294 20487 17
19999 20488 17
19999 20489 17
19759 20490 17
19759 20491 17
20315 20492 17
20467 20493 17
19999 20494 17
19999 20495 17
19999 20496 17
19999 20497 17
19759 20498 17
19999 20499 17
20294 20500 17
20020 20501 17
20507 20502 17
20294 20503 17
20790 20504 17
19960 20505 17
20357 20506 17
20089 20507 17
20020 20508 17
20357 20509 17
19526 20510 17
20467 20511 17
19999 20512 17
20558 20513 17
20590 20514 17
19905 20515 17
20594 20516 17
20357 20517 17
20590 20518 17
19989 20519 17
20002 20520 17
20002 20521 17
20590 20522 17
20494 20523 17
20790 20524 17
20458 20525 17
19999 20526 17
20790 20527 17
20147 20528 17
20294 20529 17
19999 20530 17
19999 20531 17
20790 20532 17
19999 20533 17
19999 20534 17
19999 20535 17
20002 20536 17
19999 20537 17
19759 20538 17
19999 20539 17
19759 20540 17
20357 20541 17
20615 20542 17
20090 20543 17
20315 20544 17
20352 20545 17
20467 20546 17
19738 20547 17
20002 20548 17
20296 20549 17
20294 20550 17
19999 20551 17
20672 20552 17
19461 20553 17
20467 20554 17
20294 20555 17
19759 20556 17
20002 20557 17
19759 20558 17
19759 20559 17
20294 20560 17
20254 20561 17
20362 20562 17
19759 20563 17
20294 20564 17
20790 20565 17
19595 20566 17
19999 20567 17
20790 20568 17
20294 20569 17
19999 20570 17
20294 20571 17
19759 20572 17
19999 20573 17
19738 20574 17
20790 20575 17
20590 20576 17
19999 20577 17
20467 20578 17
20020 20579 17
20294 20580 17
19759 20581 17
19759 20582 17
20130 20583 17
20507 20584 17
20790 20585 17
20002 20586 17
20590 20587 17
19759 20588 17
20790 20589 17
20190 20590 17
20467 20591 17
19759 20592 17
20790 20593 17
20089 20594 17
20590 20595 17
20458 20596 17
20790 20597 17
19999 20598 17
20294 20599 17
20790 20600 17
19999 20601 17
19999 20602 17
19999 20603 17
20089 20604 17
20790 20605 17
19759 20606 17
20294 20607 17
20590 20608 17
20357 20609 17
19999 20610 17
19759 20611 17
20294 20612 17
19999 20613 17
20294 20614 17
19461 20615 17
20467 20616 17
20467 20617 17
19759 20618 17
20467 20619 17
19759 20620 17
20587 20621 17
20790 20622 17
19759 20623 17
19999 20624 17
20294 20625 17
20790 20626 17
20294 20627 17
20467 20628 17
20558 20629 17
19666 20630 17
20790 20631 17
20294 20632 17
19759 20633 17
19759 20634 17
20790 20635 17
19697 20636 17
19759 20637 17
20147 20638 17
20458 20639 17
20002 20640 17
19999 20641 17
20407 20642 17
20790 20643 17
20521 20644 17
19999 20645 17
20294 20646 17
20246 20647 17
20790 20648 17
20002 20649 17
20357 20650 17
20734 20651 17
20294 20652 17
19999 20653 17
20790 20654 17
20590 20655 17
20467 20656 17
20294 20657 17
20790 20658 17
20467 20659 17
19759 20660 17
19999 20661 17
20790 20662 17
19738 20663 17
20626 20664 17
20467 20665 17
20790 20666 17
20790 20667 17
19466 20668 17
20020 20669 17
19759 20670 17
19759 20671 17
19999 20672 17
19759 20673 17
20467 20674 17
20467 20675 17
20467 20676 17
20002 20677 17
20590 20678 17
20294 20679 17
20590 20680 17
20294 20681 17
19999 20682 17
19759 20683 17
20357 20684 17
19999 20685 17
20294 20686 17
19759 20687 17
20790 20688 17
19759 20689 17
19759 20690 17
19999 20691 17
20294 20692 17
20294 20693 17
20294 20694 17
20738 20695 17
19999 20696 17
20467 20697 17
19759 20698 17
19759 20699 17
20790 20700 17
20231 20701 17
20594 20702 17
20790 20703 17
20294 20704 17
19759 20705 17
20147 20706 17
20020 20707 17
20002 20708 17
20810 20709 17
19466 20710 17
19759 20711 17
19759 20712 17
20089 20713 17
20590 20714 17
20294 20715 17
19999 20716 17
19999 20717 17
19999 20718 17
20020 20719 17
20790 20720 17
20089 20721 17
20467 20722 17
19461 20723 17
20590 20724 17
20294 20725 17
19939 20726 17
20467 20727 17
20672 20728 17
19738 20729 17
19799 20730 17
19999 20731 17
20467 20732 17
20254 20733 17
20590 20734 17
20294 20735 17
19759 20736 17
20294 20737 17
20590 20738 17
20089 20739 17
20294 20740 17
20357 20741 17
20089 20742 17
20467 20743 17
20608 20744 17
20590 20745 17
19759 20746 17
20790 20747 17
19999 20748 17
20790 20749 17
19999 20750 17
20002 20751 17
20594 20752 17
19759 20753 17
20020 20754 17
20790 20755 17
20790 20756 17
19759 20757 17
19759 20758 17
19759 20759 17
20790 20760 17
20254 20761 17
20790 20762 17
20294 20763 17
20521 20764 17
19999 20765 17
20294 20766 17
19999 20767 17
19759 20768 17
20382 20769 17
20357 20770 17
20590 20771 17
20294 20772 17
20357 20773 17
20357 20774 17
20790 20775 17
20790 20776 17
19759 20777 17
20590 20778 17
20550 20779 17
19999 20780 17
19999 20781 17
20414 20782 17
19759 20783 17
19759 20784 17
20357 20785 17
20790 20786 17
19759 20787 17
20002 20788 17
19759 20789 17
20458 20790 17
20315 20791 17
19999 20792 17
20294 20793 17
20790 20794 17
20790 20795 17
19759 20796 17
20590 20797 17
20790 20798 17
20790 20799 17
20467 20800 17
19999 20801 17
19759 20802 17
20294 20803 17
19999 20804 17
19999 20805 17
20587 20806 17
19759 20807 17
19999 20808 17
20790 20809 17
20560 20810 17
20790 20811 17
19999 20812 17
20254 20813 17
19759 20814 17
20254 20815 17
20294 20816 17
20590 20817 17
19759 20818 17
