13360 20853 18
13360 20854 18
13360 20855 18
13360 20856 18
13360 20857 18
13360 20858 18
13360 20859 18
13360 20860 18
13362 20861 18
13365 20862 18
13367 20859 18
13368 20863 18
13368 20864 18
13368 20865 18
13368 20866 18
13368 20867 18
13368 20868 18
13369 20859 18
13369 20869 18
13369 20870 18
13369 20871 18
13369 20858 18
13369 20860 18
13370 20872 18
13370 20860 18
13373 20873 18
13373 20874 18
13373 20875 18
13373 20876 18
13373 20872 18
13373 20877 18
13373 20878 18
13373 20879 18
13373 20880 18
13373 20881 18
13374 20882 18
13374 20883 18
13374 20884 18
13374 20885 18
13374 20886 18
13374 20878 18
13374 20879 18
13374 20887 18
13374 20888 18
13374 20889 18
13374 20890 18
13374 20891 18
13374 20892 18
13374 20893 18
13374 20894 18
13374 20895 18
13374 20896 18
13374 20897 18
13374 20898 18
13374 20899 18
13374 20900 18
13374 20865 18
13374 20901 18
13374 20902 18
13379 20903 18
13385 20903 18
13394 20903 18
13395 20903 18
13396 20903 18
13403 20903 18
13414 20903 18
13415 20904 18
13416 20905 18
13417 20877 18
13418 20877 18
13419 20906 18
13419 20859 18
13419 20904 18
13419 20907 18
13420 20903 18
13421 20859 18
13422 20859 18
13422 20903 18
13423 20906 18
13423 20859 18
13423 20904 18
13423 20907 18
13424 20859 18
13425 20859 18
13426 20905 18
13426 20908 18
13427 20859 18
13428 20909 18
13429 20903 18
13430 20903 18
13431 20903 18
13432 20903 18
13433 20903 18
