13313 13359 22
13313 13366 22
13313 13367 22
13313 13360 22
13313 13365 22
13313 13368 22
13313 13369 22
13313 13373 22
13313 13371 22
13313 13372 22
13313 13374 22
13313 13370 22
13313 13468 22
13313 13469 22
13313 13376 22
13313 13377 22
13313 13378 22
13313 13381 22
13313 13382 22
13313 13383 22
13313 13384 22
13313 13385 22
13313 13386 22
13313 13387 22
13313 13388 22
13313 13389 22
13313 13390 22
13313 13391 22
13313 13394 22
13313 13395 22
13313 13396 22
13313 13397 22
13313 13402 22
13313 13409 22
13313 13413 22
13313 13398 22
13313 13399 22
13313 13400 22
13313 13401 22
13313 13403 22
13313 13404 22
13313 13405 22
13313 13406 22
13313 13407 22
13313 13408 22
13313 13410 22
13313 13414 22
13313 13380 22
13313 13379 22
13314 13359 22
13314 13366 22
13314 13367 22
13314 13360 22
13314 13365 22
13314 13368 22
13314 13369 22
13314 13373 22
13314 13375 22
13314 13371 22
13314 13372 22
13314 13374 22
13314 13358 22
13314 13361 22
13314 13370 22
13314 13468 22
13314 13469 22
13314 13376 22
13314 13377 22
13314 13378 22
13314 13381 22
13314 13382 22
13314 13383 22
13314 13384 22
13314 13385 22
13314 13386 22
13314 13387 22
13314 13388 22
13314 13389 22
13314 13390 22
13314 13391 22
13314 13392 22
13314 13393 22
13314 13394 22
13314 13395 22
13314 13396 22
13314 13397 22
13314 13402 22
13314 13409 22
13314 13413 22
13314 13398 22
13314 13399 22
13314 13400 22
13314 13401 22
13314 13403 22
13314 13404 22
13314 13405 22
13314 13406 22
13314 13407 22
13314 13408 22
13314 13410 22
13314 13411 22
13314 13412 22
13314 13414 22
13314 13380 22
13314 13379 22
13315 13362 22
13315 13363 22
13315 13364 22
13316 13463 22
13316 13464 22
13316 13465 22
13316 13466 22
13316 13467 22
13316 13478 22
13316 13479 22
13316 13480 22
13316 13481 22
13316 13482 22
13316 13483 22
13316 13484 22
13317 13451 22
13317 13452 22
13317 13453 22
13317 13454 22
13317 13485 22
13317 13486 22
13317 13487 22
13317 13488 22
13317 13489 22
13317 13473 22
13317 13474 22
13319 13455 22
13319 13456 22
13319 13457 22
13319 13458 22
13319 13459 22
13319 13460 22
13319 13475 22
13319 13476 22
13324 13461 22
13324 13462 22
13324 13513 22
13324 13514 22
13324 13521 22
13324 13515 22
13324 13516 22
13324 13517 22
13324 13518 22
13324 13519 22
13324 13520 22
13324 13490 22
13324 13491 22
13324 13492 22
13324 13493 22
13324 13494 22
13324 13495 22
13324 13497 22
13324 13499 22
13324 13501 22
13324 13502 22
13324 13503 22
13324 13504 22
13324 13506 22
13324 13508 22
13324 13510 22
13324 13512 22
13325 13470 22
13325 13471 22
13325 13472 22
13326 13522 22
13326 13526 22
13326 13559 22
