18606 18458 17
18458 18459 17
18458 18460 17
18458 18461 17
18459 18462 17
18471 18463 17
18471 18464 17
18471 18465 17
18471 18466 17
18471 18467 17
18471 18468 17
18471 18469 17
18471 18470 17
18606 18471 17
18471 18472 17
18471 18473 17
18471 18474 17
18606 18475 17
18471 18476 17
18606 18477 17
18471 18478 17
18471 18479 17
18471 18480 17
18471 18481 17
18471 18482 17
18471 18483 17
18458 18484 17
18471 18485 17
18471 18486 17
18471 18487 17
18471 18488 17
18471 18489 17
18471 18490 17
18458 18491 17
18471 18492 17
18471 18493 17
18606 18494 17
18458 18495 17
18458 18496 17
18458 18497 17
18471 18498 17
18471 18500 17
18606 18501 17
18606 18502 17
18471 18503 17
18471 18504 17
18471 18505 17
18471 18506 17
18471 18507 17
18471 18508 17
18606 18509 17
18471 18510 17
18458 18511 17
18471 18512 17
18471 18513 17
18606 18514 17
18471 18515 17
18471 18516 17
18471 18517 17
18471 18518 17
18471 18519 17
18471 18520 17
18471 18521 17
18471 18522 17
18471 18523 17
18471 18524 17
18471 18525 17
18471 18526 17
18471 18527 17
18471 18528 17
18471 18529 17
18471 18530 17
18471 18531 17
18471 18532 17
18471 18533 17
18606 18534 17
18606 18535 17
18535 18536 17
18471 18537 17
18606 18538 17
18471 18539 17
18606 18540 17
18471 18541 17
18471 18542 17
18471 18543 17
18471 18544 17
18606 18545 17
18471 18546 17
18606 18547 17
18606 18548 17
18606 18549 17
18606 18550 17
18550 18551 17
18550 18552 17
18550 18553 17
18606 18554 17
18606 18555 17
18606 18556 17
18550 18557 17
18550 18558 17
18550 18559 17
18606 18560 17
18550 18561 17
18550 18562 17
18550 18563 17
18550 18564 17
18550 18565 17
18606 18566 17
18606 18567 17
18606 18568 17
18646 18569 17
18606 18570 17
18606 18571 17
18606 18572 17
18548 18573 17
18606 18574 17
18548 18575 17
18606 18576 17
18550 18577 17
18606 18578 17
18606 18579 17
18550 18580 17
18642 18581 17
18647 18582 17
18548 18583 17
18550 18584 17
18606 18585 17
18606 18586 17
18606 18587 17
18550 18588 17
18550 18589 17
18550 18590 17
18550 18591 17
18606 18592 17
18606 18593 17
18606 18594 17
18548 18595 17
18606 18596 17
18606 18597 17
18606 18598 17
18606 18599 17
18550 18600 17
18606 18601 17
18646 18602 17
18550 18603 17
18550 18604 17
18628 18605 17
19357 18606 17
18606 18607 17
18606 18608 17
18606 18609 17
18606 18610 17
18606 18611 17
18606 18612 17
18606 18613 17
18606 18614 17
18606 18615 17
18606 18616 17
18606 18617 17
18606 18618 17
18606 18619 17
18606 18620 17
18643 18621 17
18606 18622 17
18616 18623 17
18606 18624 17
18606 18625 17
18606 18626 17
18606 18627 17
18606 18628 17
18606 18629 17
18550 18630 17
18550 18631 17
18550 18632 17
18550 18633 17
18550 18634 17
18629 18635 17
18550 18636 17
18606 18637 17
18606 18638 17
18606 18639 17
18606 18640 17
18550 18641 17
18606 18642 17
18606 18643 17
18606 18644 17
18606 18645 17
18606 18646 17
18606 18647 17
18606 18648 17
18606 18649 17
18550 18650 17
18942 18651 17
18651 18652 17
18651 18653 17
18651 18654 17
18651 18655 17
18942 18656 17
18651 18657 17
18651 18658 17
18651 18659 17
18651 18660 17
18651 18661 17
18651 18662 17
18942 18664 17
18651 18665 17
18651 18666 17
18651 18667 17
18651 18668 17
18651 18669 17
18651 18670 17
18651 18671 17
18651 18672 17
18662 18673 17
18652 18674 17
18942 18675 17
18942 18676 17
18942 18677 17
18651 18678 17
18942 18679 17
18651 18680 17
18651 18681 17
18651 18682 17
18651 18683 17
18651 18684 17
18651 18685 17
18651 18686 17
18651 18687 17
18651 18688 17
18942 18689 17
18651 18690 17
18651 18691 17
18942 18692 17
18692 18693 17
18692 18694 17
18651 18695 17
18651 18696 17
18942 18697 17
18651 18698 17
18651 18699 17
18651 18700 17
18662 18701 17
18662 18702 17
18662 18703 17
18662 18704 17
18662 18705 17
18707 18706 17
18942 18707 17
18707 18708 17
18706 18709 17
18942 18710 17
18662 18711 17
18662 18712 17
18662 18713 17
18713 18714 17
18651 18715 17
18942 18716 17
18651 18717 17
18888 18718 17
18942 18719 17
18651 18720 17
18651 18721 17
18651 18722 17
18651 18723 17
18942 18724 17
18730 18725 17
18730 18726 17
18726 18727 17
18726 18728 17
18726 18729 17
18942 18730 17
18726 18731 17
18731 18732 17
18651 18733 17
18942 18734 17
18651 18735 17
18942 18736 17
18651 18737 17
18716 18738 17
18942 18739 17
18651 18740 17
18651 18741 17
18651 18742 17
18651 18743 17
18651 18744 17
18707 18745 17
18942 18746 17
18651 18748 17
18942 18749 17
18651 18750 17
18651 18751 17
18942 18752 17
18651 18753 17
18651 18754 17
18651 18755 17
18724 18756 17
18651 18757 17
18942 18758 17
18651 18759 17
18651 18760 17
18651 18761 17
18651 18762 17
18651 18763 17
18651 18764 17
18651 18765 17
18651 18766 17
18651 18767 17
18651 18768 17
18651 18769 17
18651 18770 17
18651 18771 17
18651 18772 17
18651 18773 17
18651 18774 17
18651 18775 17
18651 18776 17
18651 18777 17
18651 18778 17
18942 18779 17
18651 18780 17
18651 18781 17
18651 18782 17
18651 18783 17
18651 18784 17
18651 18785 17
18651 18786 17
18651 18787 17
18651 18788 17
18651 18789 17
18651 18790 17
18651 18791 17
18651 18792 17
18651 18793 17
18651 18794 17
18776 18795 17
18651 18796 17
18651 18797 17
18651 18798 17
18651 18799 17
18651 18800 17
18651 18801 17
18651 18802 17
18651 18803 17
18651 18804 17
18651 18805 17
18651 18806 17
18651 18807 17
18651 18808 17
18651 18809 17
18651 18810 17
18651 18811 17
18651 18812 17
18651 18813 17
18651 18814 17
18651 18815 17
18651 18816 17
18651 18817 17
18651 18818 17
18651 18819 17
18651 18820 17
18651 18821 17
18651 18822 17
18651 18823 17
18651 18824 17
18651 18825 17
18651 18826 17
18651 18827 17
18651 18828 17
18651 18829 17
18651 18830 17
18651 18831 17
18651 18832 17
18651 18833 17
18651 18834 17
18651 18835 17
18651 18836 17
18651 18837 17
18651 18838 17
18651 18839 17
18651 18840 17
18651 18841 17
18651 18842 17
18651 18843 17
18651 18844 17
18651 18845 17
18651 18846 17
18651 18847 17
18651 18848 17
18651 18849 17
18942 18850 17
18651 18851 17
18942 18852 17
18651 18853 17
18942 18854 17
18651 18855 17
18651 18856 17
18865 18857 17
18869 18858 17
18873 18859 17
18876 18860 17
18865 18861 17
18942 18862 17
18651 18863 17
18651 18864 17
18651 18865 17
18942 18866 17
18651 18867 17
18651 18868 17
18651 18869 17
18942 18870 17
18651 18871 17
18866 18872 17
18651 18873 17
18942 18874 17
18651 18875 17
18651 18876 17
18876 18877 17
18870 18878 17
18874 18879 17
18873 18880 17
18942 18881 17
18881 18882 17
18869 18883 17
18873 18884 17
18942 18885 17
18942 18886 17
18888 18887 17
18942 18888 17
18942 18889 17
18942 18890 17
18942 18891 17
18942 18892 17
18942 18893 17
18942 18894 17
18942 18895 17
18942 18896 17
18942 18897 17
18897 18898 17
18942 18899 17
18942 18900 17
18942 18901 17
18942 18902 17
18942 18903 17
18942 18904 17
18942 18905 17
18942 18906 17
18942 18907 17
18942 18908 17
18942 18909 17
18942 18910 17
18942 18911 17
18916 18912 17
18942 18913 17
18942 18914 17
18942 18915 17
18942 18916 17
18942 18917 17
18942 18918 17
18942 18919 17
18942 18920 17
18942 18921 17
18942 18922 17
18942 18923 17
18942 18924 17
18942 18925 17
18942 18926 17
18942 18927 17
18942 18928 17
18939 18929 17
18942 18930 17
18942 18931 17
18942 18932 17
18942 18933 17
18942 18934 17
18942 18935 17
18942 18936 17
18942 18937 17
19056 18938 17
18942 18939 17
18942 18940 17
18942 18941 17
19357 18942 17
18942 18943 17
19056 18944 17
19056 18945 17
18942 18946 17
19056 18947 17
19056 18948 17
19056 18949 17
18942 18950 17
18960 18951 17
18942 18952 17
18942 18953 17
19056 18954 17
18942 18955 17
18942 18956 17
18942 18957 17
18942 18958 17
19056 18959 17
19056 18960 17
18942 18961 17
18942 18962 17
18942 18963 17
19056 18964 17
19056 18965 17
18942 18966 17
18942 18967 17
18970 18968 17
18970 18969 17
18942 18970 17
18942 18971 17
18971 18972 17
18942 18973 17
18942 18974 17
18942 18975 17
18942 18976 17
18942 18977 17
18969 18978 17
18969 18979 17
18942 18980 17
18942 18981 17
18942 18982 17
18942 18983 17
18942 18984 17
18942 18985 17
18942 18986 17
18942 18987 17
18942 18988 17
18942 18989 17
18942 18990 17
18942 18991 17
18942 18992 17
18942 18993 17
18942 18994 17
18942 18995 17
18942 18996 17
18942 18997 17
18992 18998 17
18942 18999 17
18942 19000 17
18942 19001 17
18942 19002 17
18942 19003 17
18942 19004 17
18651 19005 17
18651 19006 17
18651 19007 17
18651 19008 17
18651 19009 17
18651 19010 17
18651 19011 17
18651 19012 17
18651 19013 17
18651 19014 17
18651 19015 17
18651 19016 17
18651 19017 17
18651 19018 17
18651 19019 17
18651 19020 17
18651 19021 17
18651 19022 17
18651 19023 17
18651 19024 17
18651 19025 17
18651 19026 17
18651 19027 17
18651 19028 17
18651 19029 17
18651 19030 17
18651 19031 17
18651 19032 17
18651 19033 17
18651 19034 17
18651 19035 17
18651 19036 17
18651 19037 17
18651 19038 17
18651 19039 17
18651 19040 17
18651 19041 17
18651 19042 17
18651 19043 17
18651 19044 17
18651 19045 17
18651 19046 17
18651 19047 17
18720 19048 17
18651 19049 17
18651 19050 17
19056 19051 17
18942 19052 17
18942 19053 17
18942 19054 17
18942 19055 17
18942 19056 17
18942 19057 17
19056 19058 17
18942 19059 17
19056 19060 17
18942 19061 17
19056 19062 17
18942 19063 17
18942 19064 17
18942 19065 17
18942 19066 17
19056 19067 17
18942 19068 17
18942 19069 17
18942 19070 17
18942 19071 17
18942 19072 17
18942 19073 17
18942 19074 17
18942 19075 17
18942 19076 17
18942 19077 17
18942 19078 17
18942 19079 17
18942 19080 17
18942 19081 17
18942 19082 17
18942 19083 17
19053 19084 17
18942 19085 17
18942 19086 17
18942 19087 17
18942 19088 17
19056 19089 17
18942 19090 17
18942 19091 17
18942 19092 17
18942 19093 17
18942 19094 17
18942 19095 17
18942 19096 17
18942 19097 17
18942 19098 17
18942 19099 17
18942 19100 17
18942 19101 17
18942 19102 17
18942 19103 17
18942 19105 17
18942 19106 17
18942 19107 17
18942 19108 17
19436 19109 17
19436 19110 17
19436 19111 17
19436 19112 17
19436 19113 17
19436 19114 17
19436 19115 17
19436 19116 17
19436 19117 17
19436 19118 17
19436 19119 17
19436 19120 17
19436 19121 17
19436 19122 17
19436 19123 17
19436 19124 17
19436 19125 17
19436 19126 17
19436 19127 17
19436 19128 17
19436 19129 17
19436 19130 17
19436 19131 17
19436 19132 17
19436 19133 17
19436 19134 17
19436 19135 17
19135 19136 17
19436 19137 17
19436 19138 17
19436 19139 17
19436 19140 17
19436 19141 17
19436 19142 17
19436 19143 17
19436 19144 17
19436 19145 17
19436 19146 17
19436 19147 17
19436 19148 17
19143 19149 17
19436 19150 17
19436 19151 17
19436 19152 17
19152 19153 17
19436 19154 17
19153 19155 17
19153 19156 17
19156 19157 17
19436 19158 17
19436 19159 17
19246 19160 17
19436 19161 17
19436 19162 17
19436 19163 17
19436 19164 17
19436 19165 17
19436 19166 17
19436 19167 17
19436 19168 17
19168 19169 17
19436 19170 17
19436 19171 17
19436 19172 17
19436 19173 17
19436 19174 17
19436 19175 17
19436 19176 17
19436 19177 17
19436 19178 17
19151 19179 17
19436 19180 17
19436 19181 17
19436 19182 17
19436 19183 17
19436 19184 17
19436 19185 17
19436 19186 17
19436 19187 17
19436 19188 17
19436 19189 17
19436 19190 17
19436 19191 17
19436 19192 17
19436 19193 17
19436 19194 17
19436 19195 17
19198 19196 17
19195 19197 17
19436 19198 17
19198 19199 17
19198 19200 17
19153 19201 17
19436 19202 17
19202 19203 17
19436 19204 17
19436 19205 17
19436 19206 17
19206 19207 17
19436 19208 17
19436 19209 17
19436 19210 17
19436 19211 17
19436 19212 17
19436 19213 17
19436 19214 17
19436 19215 17
19436 19216 17
19436 19217 17
19436 19218 17
19436 19219 17
19436 19220 17
19436 19221 17
19436 19222 17
19436 19223 17
19223 19224 17
19436 19225 17
19436 19226 17
19246 19227 17
19436 19228 17
19436 19229 17
19436 19230 17
19436 19231 17
19436 19232 17
19436 19233 17
19436 19234 17
19436 19235 17
19436 19236 17
19436 19237 17
19436 19238 17
19436 19239 17
19436 19240 17
19436 19241 17
19436 19242 17
19436 19243 17
19436 19244 17
19436 19245 17
19436 19246 17
19436 19247 17
19436 19248 17
19436 19249 17
19436 19250 17
19436 19251 17
19251 19252 17
19436 19253 17
19436 19254 17
19436 19255 17
19436 19256 17
19436 19257 17
19436 19258 17
19436 19259 17
19436 19260 17
19436 19261 17
19436 19262 17
19436 19263 17
19436 19264 17
19436 19265 17
19436 19266 17
19436 19267 17
19436 19268 17
19436 19269 17
19436 19270 17
19436 19271 17
19436 19272 17
19436 19273 17
19436 19274 17
19436 19275 17
19436 19276 17
19436 19277 17
19436 19278 17
19436 19279 17
19436 19280 17
19436 19281 17
19436 19282 17
19436 19283 17
19436 19284 17
19436 19285 17
19375 19286 17
19375 19287 17
19375 19288 17
19375 19289 17
19375 19290 17
19375 19291 17
19375 19293 17
19375 19294 17
19324 19295 17
19324 19296 17
19324 19297 17
19324 19298 17
19324 19299 17
19324 19300 17
19324 19301 17
19324 19302 17
19324 19303 17
19324 19304 17
19324 19305 17
19324 19306 17
19358 19307 17
19375 19309 17
19375 19310 17
19375 19311 17
19375 19312 17
19375 19313 17
19375 19315 17
19375 19316 17
19375 19317 17
19436 19318 17
19375 19319 17
19436 19320 17
19436 19321 17
19436 19322 17
19324 19323 17
19358 19324 17
19324 19325 17
19325 19326 17
19326 19328 17
19326 19329 17
19326 19330 17
19326 19331 17
19331 19332 17
19326 19333 17
19326 19334 17
19326 19335 17
19326 19336 17
19336 19337 17
19336 19338 17
19338 19339 17
19326 19340 17
19324 19341 17
19324 19342 17
19346 19343 17
19345 19343 17
19365 19343 17
19335 19343 17
19328 19344 17
19363 19344 17
19334 19344 17
19326 19345 17
19326 19346 17
19354 19347 17
19328 19347 17
19329 19347 17
19363 19347 17
19374 19347 17
19348 19347 17
19336 19347 17
19419 19347 17
19331 19347 17
19334 19347 17
19421 19347 17
19416 19347 17
19326 19348 17
19423 19349 17
19346 19349 17
19359 19349 17
19381 19349 17
19356 19349 17
19363 19349 17
19419 19349 17
19335 19349 17
19426 19349 17
19421 19349 17
19416 19349 17
19423 19350 17
19346 19350 17
19359 19350 17
19381 19350 17
19356 19350 17
19363 19350 17
19345 19350 17
19419 19350 17
19353 19350 17
19365 19350 17
19335 19350 17
19426 19350 17
19421 19350 17
19416 19350 17
19363 19351 17
19345 19351 17
19363 19352 17
19334 19352 17
19326 19353 17
19326 19354 17
19324 19355 17
19326 19356 17
19357 19358 17
19326 19359 17
19324 19360 17
19324 19361 17
19326 19362 17
19326 19363 17
19356 19364 17
19363 19364 17
19345 19364 17
19326 19365 17
19362 19366 17
19324 19367 17
19324 19368 17
19324 19369 17
19324 19370 17
19324 19371 17
19345 19372 17
19326 19373 17
19326 19374 17
19358 19375 17
19375 19376 17
19324 19377 17
19324 19378 17
19324 19379 17
19324 19380 17
19326 19381 17
19324 19382 17
19324 19383 17
19326 19384 17
19324 19385 17
19326 19386 17
19375 19387 17
19419 19388 17
19416 19388 17
19324 19389 17
19389 19390 17
19416 19391 17
19324 19392 17
19392 19393 17
19324 19394 17
19394 19395 17
19424 19396 17
19424 19397 17
19397 19398 17
19324 19399 17
19399 19400 17
19324 19401 17
19401 19402 17
19324 19403 17
19403 19404 17
19324 19405 17
19405 19406 17
19324 19407 17
19324 19408 17
19405 19409 17
19390 19411 17
19393 19412 17
19400 19413 17
19402 19414 17
19404 19415 17
19324 19416 17
19424 19417 17
19419 19417 17
19416 19417 17
19424 19418 17
19419 19418 17
19416 19418 17
19326 19419 17
19324 19420 17
19324 19421 17
19324 19422 17
19422 19423 17
19422 19424 17
19324 19425 17
19324 19426 17
19324 19427 17
19437 19429 17
19437 19430 17
19437 19431 17
19437 19432 17
19324 19433 17
19324 19434 17
19358 19436 17
19324 19437 17
