13269 386 24
13270 387 24
13272 388 24
13273 389 24
13274 390 24
13276 391 24
13279 392 24
13280 393 24
13281 394 24
13282 395 24
13283 396 24
13285 397 24
13286 398 24
13289 399 24
13290 400 24
13292 401 24
13295 402 24
13304 403 24
13305 404 24
13306 405 24
13307 406 24
13311 407 24
13312 408 24
20821 351 24
20822 352 24
20823 353 24
20824 354 24
20825 355 24
20826 356 24
20827 357 24
20828 358 24
20829 359 24
20830 360 24
20831 361 24
20832 362 24
20833 363 24
20834 364 24
20835 365 24
20836 366 24
20837 367 24
20838 368 24
20839 369 24
20840 370 24
20841 371 24
20842 372 24
20843 373 24
20844 374 24
20845 375 24
20846 376 24
20847 377 24
20848 378 24
21201 379 24
21205 380 24
21097 381 24
21098 382 24
21099 383 24
21100 384 24
21101 385 24
