13313 13268 25
13313 13269 25
13313 13270 25
13313 13271 25
13313 13272 25
13313 13273 25
13313 13274 25
13313 13275 25
13313 13276 25
13314 13268 25
13314 13277 25
13314 13278 25
13314 13269 25
13314 13270 25
13314 13271 25
13314 13272 25
13314 13273 25
13314 13274 25
13314 13275 25
13314 13276 25
13315 13268 25
13316 13268 25
13316 13279 25
13316 13280 25
13316 13281 25
13316 13282 25
13316 13283 25
13316 13284 25
13316 13285 25
13316 13286 25
13317 13268 25
13317 13287 25
13317 13288 25
13317 13289 25
13317 13290 25
13319 13268 25
13319 13291 25
13319 13292 25
13319 13293 25
13324 13268 25
13324 13292 25
13324 13294 25
13324 13295 25
13324 13296 25
13324 13297 25
13324 13298 25
13324 13299 25
13324 13300 25
13324 13301 25
13324 13302 25
13324 13303 25
13325 13304 25
13325 13305 25
13325 13306 25
13325 13307 25
13326 13308 25
13326 13311 25
13326 13312 25
13360 20819 25
13360 20820 25
13360 20821 25
13360 20822 25
13360 20823 25
13362 20819 25
13365 20819 25
13367 20824 25
13367 20825 25
13367 20826 25
13368 20819 25
13368 20827 25
13368 20828 25
13368 20829 25
13368 20830 25
13368 20831 25
13368 20832 25
13368 20833 25
13369 20834 25
13369 20825 25
13369 20826 25
13369 20819 25
13370 20835 25
13370 20836 25
13370 20837 25
13370 20819 25
13373 20819 25
13374 20819 25
13374 20838 25
13374 20839 25
13374 20840 25
13379 20819 25
13385 20819 25
13394 20819 25
13395 20819 25
13396 20819 25
13403 20819 25
13414 20819 25
13415 20819 25
13416 20819 25
13417 20841 25
13418 20841 25
13419 20842 25
13419 20819 25
13420 20819 25
13421 20819 25
13422 20819 25
13423 20842 25
13423 20819 25
13424 20843 25
13424 20844 25
13425 20845 25
13426 20819 25
13427 20819 25
13428 20819 25
13429 20819 25
13430 20819 25
13431 20819 25
13432 20819 25
13433 20819 25
13361 20846 25
13366 20819 25
13367 20819 25
13371 20847 25
13371 20848 25
13372 20847 25
13372 20848 25
13372 20849 25
13374 20847 25
13374 20848 25
13374 20849 25
13375 20850 25
13375 20851 25
13375 20852 25
13358 21200 25
13359 21200 25
13360 21200 25
13361 21200 25
13361 21201 25
13365 21200 25
13366 21200 25
13367 21200 25
13367 21202 25
13368 21200 25
13369 21200 25
13370 21200 25
13371 21200 25
13372 21200 25
13373 21200 25
13374 21200 25
13374 21203 25
13374 21204 25
13374 21205 25
13375 21200 25
13376 21200 25
13377 21200 25
13378 21200 25
13379 21200 25
13380 21200 25
13381 21200 25
13382 21200 25
13383 21200 25
13384 21200 25
13385 21200 25
13386 21200 25
13387 21200 25
13388 21200 25
13389 21200 25
13390 21200 25
13391 21200 25
13392 21200 25
13393 21200 25
13394 21200 25
13395 21200 25
13396 21200 25
13397 21200 25
13398 21200 25
13399 21200 25
13400 21200 25
13401 21200 25
13402 21200 25
13403 21200 25
13404 21200 25
13405 21200 25
13406 21200 25
13407 21200 25
13408 21200 25
13409 21200 25
13410 21200 25
13411 21200 25
13412 21200 25
13413 21200 25
13414 21200 25
