18550 14416 26
18550 14417 26
18550 14418 26
18550 14419 26
18550 14420 26
18550 14421 26
18550 14422 26
18550 14423 26
18550 14424 26
18550 14425 26
18550 14426 26
18550 14427 26
18550 14428 26
18550 14429 26
18550 14430 26
18550 14431 26
18550 14432 26
18550 14433 26
18550 14434 26
18550 14435 26
18550 14436 26
18550 14437 26
18550 14438 26
18471 14439 26
18471 14440 26
18471 14441 26
18471 14442 26
18550 14443 26
18471 14444 26
18471 14445 26
18471 14446 26
19357 14447 26
19357 14448 26
19357 14449 26
18550 14450 26
18471 14451 26
18471 14452 26
18550 14453 26
18550 14454 26
19357 14455 26
18471 14456 26
18471 14457 26
18471 14458 26
18550 14459 26
18550 14460 26
18550 14461 26
18550 14462 26
18550 14463 26
18550 14464 26
18550 14465 26
18550 14466 26
18550 14467 26
18550 14468 26
18550 14469 26
18550 14470 26
18550 14471 26
18550 14472 26
18550 14473 26
18550 14474 26
18550 14475 26
18471 14476 26
18471 14477 26
18471 14478 26
18471 14479 26
18471 14480 26
18471 14481 26
18471 14482 26
18471 14483 26
18471 14484 26
18471 14485 26
18471 14486 26
18471 14487 26
18471 14488 26
18471 14489 26
18471 14490 26
18471 14491 26
18471 14492 26
18550 14493 26
18550 14494 26
18471 14495 26
18471 14496 26
18471 14497 26
18471 14498 26
18471 14499 26
18471 14500 26
18471 14501 26
18471 14502 26
18471 14503 26
18471 14504 26
18471 14505 26
18471 14506 26
18471 14507 26
18471 14508 26
18651 14509 26
18651 14510 26
18651 14511 26
18651 14512 26
18651 14513 26
18651 14514 26
18651 14515 26
18651 14516 26
18651 14517 26
18651 14518 26
18651 14519 26
18651 14520 26
18651 14521 26
18651 14522 26
18651 14523 26
18651 14524 26
18651 14525 26
18651 14526 26
18651 14527 26
18651 14528 26
18651 14529 26
18651 14530 26
18651 14531 26
18651 14532 26
18651 14533 26
18651 14534 26
18651 14535 26
18651 14536 26
18651 14537 26
18651 14538 26
18651 14539 26
18651 14540 26
18651 14541 26
18651 14542 26
18651 14543 26
18651 14544 26
18651 14545 26
18651 14546 26
18651 14547 26
18651 14548 26
18651 14549 26
18651 14550 26
18651 14551 26
18651 14552 26
18651 14553 26
18651 14554 26
18651 14555 26
18651 14445 26
18651 14446 26
18651 14558 26
18651 14559 26
18651 14560 26
18651 14450 26
18651 14562 26
18651 14451 26
18651 14452 26
18651 14565 26
18651 14454 26
18651 14567 26
18651 14568 26
18651 14569 26
18651 14570 26
18651 14571 26
18651 14572 26
18651 14573 26
18651 14574 26
18651 14575 26
18651 14459 26
18651 14577 26
18651 14578 26
18651 14579 26
18651 14580 26
18651 14581 26
18651 14582 26
18651 14583 26
18651 14584 26
18651 14585 26
18651 14438 26
18651 14587 26
18651 14588 26
18651 14589 26
18651 14590 26
18651 14591 26
18651 14508 26
18651 14593 26
18651 14594 26
18651 14595 26
18942 14455 26
18471 14597 26
18471 14598 26
18471 14599 26
