13309 14441 28
13309 14442 28
13309 14417 28
13309 14431 28
13309 14432 28
13309 14514 28
13309 14440 28
13309 14439 28
13309 14475 28
13309 14476 28
13310 14441 28
13310 14442 28
13310 14417 28
13310 14431 28
13310 14432 28
13310 14430 28
13310 14514 28
13310 14440 28
13310 14439 28
13310 14475 28
13310 14476 28
13327 10325 28
13328 412 28
13328 411 28
13328 10325 28
13329 10325 28
13329 14453 28
13330 412 28
13330 411 28
13330 10325 28
13331 10325 28
13331 14453 28
13332 10325 28
13343 14453 28
13344 14439 28
13345 14440 28
13346 14476 28
13347 14425 28
13348 14430 28
13349 2985 28
13349 3033 28
13349 2985 28
13349 2984 28
13349 3032 28
13350 14431 28
13350 14432 28
13350 14433 28
13351 14431 28
13351 14432 28
13351 14433 28
13351 14434 28
13352 14427 28
13353 14429 28
13354 14597 28
13355 14598 28
13356 14599 28
13357 14517 28
20853 21830 28
20853 21831 28
20854 21830 28
20854 21831 28
20855 21830 28
20855 21831 28
20856 21830 28
20856 21831 28
20857 21830 28
20857 21831 28
20859 21545 28
20867 21545 28
20868 21545 28
20872 21545 28
20873 21542 28
20874 21545 28
20875 21545 28
20876 21545 28
20877 21545 28
20901 27334 28
20902 27334 28
20903 21545 28
20906 21545 28
21066 24912 28
21066 21545 28
21067 21861 28
21067 21489 28
21067 21491 28
21068 21542 28
21069 27657 28
21069 21542 28
21070 27657 28
21070 21542 28
21071 24912 28
21071 24911 28
21071 21545 28
21072 24912 28
21072 24911 28
21072 21545 28
21073 24912 28
21073 24911 28
21073 21545 28
21074 25400 28
21074 21545 28
21075 25400 28
21075 21545 28
21076 25400 28
21076 21545 28
21077 21545 28
21078 21545 28
21079 21545 28
20910 32505 28
20910 32962 28
20910 32994 28
20911 21219 28
20911 32505 28
20911 32962 28
20911 32994 28
20911 34346 28
20912 21219 28
20912 32505 28
20912 32962 28
20912 32994 28
20912 34346 28
20913 21219 28
20913 32505 28
20914 21219 28
20914 32505 28
20914 32962 28
20914 32994 28
20914 34346 28
20915 21219 28
20915 32505 28
20915 32962 28
20915 32994 28
20915 34346 28
20916 21219 28
20916 32505 28
20916 32962 28
20916 32994 28
20916 34346 28
20917 21219 28
20917 32505 28
20917 32962 28
20917 32994 28
20917 34346 28
20918 21219 28
20918 32505 28
20918 32962 28
20918 32994 28
20918 34346 28
20919 21219 28
20919 32505 28
20919 32962 28
20919 32994 28
20919 34346 28
20920 21219 28
20920 32505 28
20920 32962 28
20920 32994 28
20920 34346 28
20921 21219 28
20921 32505 28
20921 34346 28
20922 21219 28
20922 32505 28
20922 32962 28
20922 32994 28
20922 34346 28
20923 34327 28
20923 34346 28
20924 34327 28
20924 34346 28
351 21492 28
351 21208 28
351 34346 28
351 21222 28
352 21492 28
352 21208 28
352 34346 28
352 21222 28
353 21492 28
353 21208 28
353 34346 28
353 21222 28
354 21492 28
354 23553 28
354 21208 28
354 34346 28
354 21222 28
355 21492 28
355 23553 28
355 21208 28
355 34346 28
355 21222 28
356 21492 28
356 23553 28
356 21208 28
356 34346 28
356 21222 28
357 21492 28
357 21208 28
358 21492 28
358 21208 28
359 21492 28
359 21208 28
360 21492 28
360 21208 28
361 21492 28
361 21208 28
362 21492 28
362 23553 28
362 21208 28
362 34346 28
362 21222 28
363 21492 28
363 23553 28
363 21208 28
363 21222 28
364 21492 28
364 23553 28
364 21208 28
364 21222 28
365 21492 28
365 21208 28
365 21222 28
366 21492 28
366 21208 28
366 21222 28
367 21492 28
367 21208 28
367 21222 28
368 25403 28
369 21208 28
370 21208 28
371 23553 28
372 21504 28
373 21208 28
374 21208 28
375 21208 28
376 21492 28
377 23821 28
378 23821 28
379 21837 28
380 14597 28
382 33225 28
386 14488 28
386 14445 28
386 14446 28
387 14445 28
387 14446 28
391 14445 28
391 14446 28
392 14455 28
393 14445 28
393 14457 28
394 14446 28
395 14446 28
396 14457 28
397 14447 28
398 14457 28
399 14548 28
400 14556 28
401 14488 28
402 14488 28
403 4410 28
404 14565 28
404 14592 28
405 14556 28
405 14592 28
406 14593 28
21080 10325 28
21080 10523 28
21080 10326 28
21081 10325 28
21081 10523 28
21081 10326 28
21082 10325 28
21082 10523 28
21082 10326 28
21082 14428 28
21082 14416 28
21082 14417 28
21082 14418 28
21082 14419 28
21082 14420 28
21082 14421 28
21082 14442 28
21082 14441 28
21082 14431 28
21082 14432 28
21082 14439 28
21082 14440 28
21082 14475 28
21082 14476 28
21082 14477 28
21082 14423 28
21082 14424 28
21082 14425 28
21082 14430 28
21082 14447 28
21082 14445 28
21082 14446 28
21082 14450 28
21082 14453 28
21082 14454 28
21082 14597 28
21083 10326 28
21083 10325 28
21083 10523 28
21084 14428 28
21084 14429 28
21084 14416 28
21084 14417 28
21084 14418 28
21084 14419 28
21084 14420 28
21084 14421 28
21085 10325 28
21085 10523 28
21085 10326 28
21085 14489 28
21085 14439 28
21085 14440 28
21085 14428 28
21085 14429 28
21085 14416 28
21085 14417 28
21085 14418 28
21085 14419 28
21085 14420 28
21085 14421 28
21086 10325 28
21086 10523 28
21086 10326 28
21086 14493 28
21086 14494 28
21086 14440 28
21086 14475 28
21086 14476 28
21086 14477 28
21086 14445 28
21087 14441 28
21088 10325 28
21088 10523 28
21088 10326 28
21088 14439 28
21088 14432 28
21088 14431 28
21088 14423 28
21088 14424 28
21088 14425 28
21088 14430 28
21088 14597 28
21088 14428 28
21088 14429 28
21088 14416 28
21088 14417 28
21088 14418 28
21088 14419 28
21088 14420 28
21088 14421 28
21088 14441 28
21088 14445 28
21089 10325 28
21089 10523 28
21089 10326 28
21089 14432 28
21089 14441 28
21089 14442 28
21089 14439 28
21089 14440 28
21089 14445 28
21089 14446 28
21089 14597 28
21090 10325 28
21090 10523 28
21090 10326 28
21090 14480 28
21090 14483 28
21091 10325 28
21091 10523 28
21091 10326 28
21091 14446 28
21091 14457 28
21091 14493 28
21091 14494 28
21091 14441 28
21091 14440 28
21091 14442 28
21091 14439 28
21092 10325 28
21092 10523 28
21092 10326 28
21092 14489 28
21092 14428 28
21092 14429 28
21092 14416 28
21092 14417 28
21092 14418 28
21092 14419 28
21092 14420 28
21092 14421 28
21093 10325 28
21093 10523 28
21093 10326 28
21093 14546 28
21093 14542 28
21093 14557 28
21093 14556 28
21093 14518 28
21093 14478 28
21093 14479 28
21093 14480 28
21093 14483 28
21093 14597 28
21093 14432 28
21093 14431 28
21093 14423 28
21093 14424 28
21093 14425 28
21093 14430 28
21093 14428 28
21093 14429 28
21093 14445 28
21093 14439 28
21093 14440 28
21093 14441 28
21093 14442 28
21094 14439 28
21094 14440 28
21094 14441 28
21094 14442 28
21095 14439 28
21095 14440 28
21095 14441 28
21095 14442 28
21096 10319 28
21096 10523 28
21096 10320 28
