14336 21041 29
14374 21018 29
14315 21005 29
14266 20961 29
14325 21040 29
14410 20972 29
14253 20959 29
14313 21005 29
14266 20959 29
14362 20925 29
14362 20982 29
14246 21048 29
14267 21004 29
14261 20977 29
14254 20989 29
14318 20963 29
14278 21005 29
14349 20962 29
14258 20943 29
14409 20999 29
14266 20998 29
14312 21032 29
14370 21050 29
14384 20936 29
14262 21036 29
14279 20985 29
14332 21005 29
14354 20990 29
14297 20960 29
14300 20987 29
14265 20990 29
14376 21044 29
14403 21005 29
14293 21000 29
14352 21005 29
14362 21059 29
14384 21005 29
14337 21005 29
14304 20999 29
14357 21019 29
14379 21005 29
14266 21050 29
14362 20994 29
14254 21005 29
14352 21035 29
14328 20955 29
14381 21005 29
14292 21041 29
14303 21005 29
14314 21007 29
14352 21046 29
14375 20985 29
14367 20987 29
14253 20997 29
14275 20996 29
14328 21001 29
14354 21048 29
14291 21052 29
14299 20928 29
14342 21005 29
14284 21011 29
14248 20941 29
14266 21040 29
14370 21056 29
14357 20974 29
14384 20989 29
14384 20925 29
14299 21040 29
14415 20987 29
14370 21005 29
14317 21005 29
14256 20963 29
14260 20980 29
14368 21015 29
14352 20925 29
14383 21040 29
14269 21060 29
14265 20967 29
14333 21040 29
14297 21005 29
14271 20985 29
14280 20970 29
14329 21017 29
14295 21040 29
14370 20972 29
14375 20995 29
14372 20932 29
14362 21005 29
14397 21030 29
14310 21058 29
14348 20999 29
14362 20965 29
14387 20976 29
14361 20951 29
14407 21062 29
14287 20932 29
14359 21005 29
14341 21040 29
14411 21046 29
14312 21005 29
14281 20990 29
14311 21005 29
14293 21059 29
14362 21003 29
14321 21040 29
14277 21040 29
14352 20978 29
14355 21005 29
14316 20990 29
14304 20962 29
14263 20962 29
14247 21059 29
14265 20950 29
14393 21016 29
14328 21042 29
14352 20984 29
14294 20929 29
14324 20985 29
14352 21053 29
14386 20940 29
14329 20962 29
14258 20964 29
14305 21040 29
14351 21005 29
14315 20947 29
14349 21054 29
14382 20966 29
14351 20990 29
14410 21050 29
14357 21024 29
14331 21064 29
14252 21038 29
14319 21049 29
14357 21045 29
14397 21057 29
14378 20979 29
14296 21040 29
14411 21005 29
14365 21005 29
14401 21047 29
14273 20952 29
14268 20944 29
14376 21005 29
14345 21050 29
14335 21005 29
14380 20962 29
14320 20933 29
14290 21063 29
14298 21029 29
14256 20990 29
14362 20956 29
14409 20991 29
14389 21005 29
14370 21053 29
14404 20962 29
14339 20990 29
14289 20987 29
14414 21040 29
14412 20962 29
14384 20994 29
14363 20956 29
14394 20992 29
14310 20927 29
14318 20990 29
14399 20932 29
14370 21006 29
14377 20961 29
14268 20938 29
14328 21033 29
14322 21005 29
14274 21041 29
14326 20949 29
14270 21005 29
14353 20953 29
14338 21030 29
14349 21013 29
14390 21040 29
14262 21005 29
14360 21039 29
14400 20957 29
14413 21043 29
14301 21037 29
14264 20926 29
14302 20983 29
14308 21027 29
14259 20984 29
14286 20932 29
14408 20965 29
14392 21020 29
14297 20925 29
14257 21005 29
14319 20974 29
14384 20959 29
14253 21056 29
14371 20945 29
14369 21005 29
14254 20925 29
14384 20956 29
14319 20934 29
14347 20990 29
14255 20964 29
14334 20990 29
14373 20946 29
14323 20987 29
14402 21009 29
14352 21031 29
14272 21022 29
14410 21028 29
14388 20939 29
14309 20948 29
14383 21021 29
14358 20988 29
14395 21051 29
14340 21005 29
14283 20962 29
14363 21010 29
14352 21056 29
14276 20954 29
14388 20981 29
14352 21000 29
14249 21040 29
14282 20962 29
14329 20995 29
14253 21025 29
14364 21004 29
14328 21026 29
14352 21059 29
14297 21032 29
14388 21055 29
14251 20975 29
14330 20935 29
14343 21040 29
14312 20931 29
14387 21040 29
14261 20942 29
14346 20993 29
14352 21030 29
14410 20990 29
14344 21008 29
14254 20987 29
14405 20958 29
14253 21040 29
14383 21061 29
14363 21065 29
14384 21059 29
14406 20929 29
14391 20973 29
14266 20997 29
14350 20971 29
14250 21014 29
14307 20986 29
14299 21034 29
14338 21057 29
14288 21056 29
14384 20982 29
14411 21028 29
14265 21023 29
14370 21032 29
14306 21064 29
14246 21040 29
14279 20968 29
14396 20937 29
14345 21012 29
14385 21000 29
14398 20992 29
14327 21005 29
14252 20969 29
14366 21000 29
14357 21002 29
14356 20995 29
14304 20930 29
