13313 13309 29
13313 13310 29
13314 13309 29
13314 13310 29
13358 20910 29
13359 20911 29
13360 20912 29
13361 20913 29
13365 20914 29
13366 20915 29
13367 20916 29
13368 20917 29
13369 20918 29
13370 20919 29
13371 20920 29
13372 20920 29
13373 20921 29
13374 20922 29
13375 20918 29
13490 20923 29
13491 20924 29
13492 20924 29
13493 20924 29
13494 20924 29
13495 20924 29
13495 20923 29
13497 20924 29
13497 20923 29
13499 20924 29
13499 20923 29
13501 20924 29
13502 20924 29
13503 20924 29
13504 20924 29
13504 20923 29
13506 20924 29
13506 20923 29
13508 20924 29
13508 20923 29
13510 20924 29
13510 20923 29
13512 20924 29
