13358 32941 30
13358 32940 30
13359 21528 30
13359 21542 30
13359 21545 30
13360 21828 30
13360 21829 30
13360 21830 30
13360 21831 30
13360 21832 30
13360 21829 30
13360 21830 30
13360 21831 30
13360 21528 30
13360 21545 30
13361 33022 30
13361 33023 30
13361 33024 30
13361 33025 30
13361 33026 30
13361 33027 30
13361 33028 30
13361 33029 30
13361 33265 30
13361 33266 30
13361 33267 30
13361 33268 30
13361 33269 30
13361 34278 30
13361 34279 30
13361 34280 30
13361 34370 30
13361 21528 30
13361 21545 30
13361 21828 30
13361 21829 30
13361 21832 30
13361 21837 30
13362 22561 30
13362 22563 30
13362 22563 30
13362 22564 30
13363 22920 30
13363 22940 30
13363 21528 30
13363 21570 30
13364 22940 30
13364 22920 30
13364 22940 30
13365 34278 30
13365 34279 30
13365 34280 30
13365 34354 30
13365 34355 30
13365 34356 30
13366 21528 30
13366 21545 30
13367 21528 30
13367 21545 30
13367 21828 30
13367 21829 30
13367 21830 30
13367 21831 30
13367 21832 30
13367 21834 30
13367 21836 30
13367 21833 30
13367 21847 30
13368 21528 30
13368 21545 30
13368 21828 30
13368 21829 30
13368 21830 30
13368 21831 30
13368 21832 30
13368 21834 30
13368 21835 30
13368 21833 30
13368 21848 30
13368 21849 30
13369 21528 30
13369 21545 30
13369 21828 30
13369 21829 30
13369 21832 30
13369 21830 30
13369 21831 30
13369 21834 30
13369 21835 30
13369 21833 30
13369 21852 30
13369 23541 30
13369 23542 30
13369 23543 30
13369 23544 30
13369 23545 30
13369 23553 30
13369 23549 30
13369 23553 30
13370 25021 30
13370 25032 30
13370 24662 30
13370 24663 30
13370 24664 30
13370 24665 30
13370 24666 30
13370 24668 30
13370 21528 30
13370 21545 30
13370 23592 30
13370 23593 30
13370 23594 30
13370 23595 30
13370 23596 30
13370 23602 30
13370 21828 30
13370 21829 30
13370 21830 30
13370 21831 30
13370 21832 30
13370 21834 30
13370 21833 30
13370 21838 30
13370 21839 30
13370 21840 30
13370 21841 30
13370 21842 30
13370 21843 30
13370 21844 30
13370 21845 30
13370 21846 30
13370 21852 30
13371 24909 30
13371 24912 30
13371 21528 30
13371 21542 30
13371 21545 30
13372 24909 30
13372 24913 30
13372 24911 30
13372 24910 30
13372 21528 30
13372 21545 30
13372 21828 30
13372 21829 30
13372 21830 30
13372 21831 30
13372 21832 30
13372 21834 30
13373 34278 30
13373 34279 30
13373 34280 30
13373 34354 30
13373 34355 30
13373 34356 30
13373 34357 30
13374 28235 30
13374 28236 30
13374 25499 30
13374 25501 30
13374 25590 30
13374 25622 30
13374 26649 30
13374 26654 30
13374 25864 30
13374 25879 30
13374 25399 30
13374 25400 30
13374 25401 30
13374 25402 30
13374 25403 30
13374 25404 30
13374 25405 30
13374 25406 30
13374 25407 30
13374 25408 30
13374 25413 30
13374 25414 30
13374 21528 30
13374 21545 30
13374 21545 30
13374 21828 30
13374 21829 30
13374 21830 30
13374 21831 30
13374 21832 30
13374 21834 30
13374 21835 30
13374 21833 30
13374 21848 30
13374 21849 30
13375 22497 30
13379 24826 30
13379 24829 30
13379 24830 30
13379 24828 30
13379 24827 30
13379 26634 30
13379 26637 30
13379 26639 30
13380 34278 30
13380 34279 30
13380 34280 30
13380 34354 30
13380 34355 30
13380 34356 30
13381 27657 30
13382 27657 30
13383 28235 30
13383 28236 30
13384 28235 30
13384 28236 30
13385 26821 30
13385 26822 30
13385 26823 30
13385 26825 30
13385 26828 30
13385 26831 30
13385 26836 30
13385 26843 30
13385 26927 30
13385 26928 30
13385 26929 30
13385 26930 30
13385 26931 30
13385 26942 30
13385 25416 30
13385 25417 30
13385 25418 30
13385 25419 30
13385 25420 30
13385 25421 30
13385 25422 30
13385 25423 30
13385 26904 30
13385 26905 30
13385 26906 30
13385 26907 30
13385 26908 30
13385 26909 30
13385 26911 30
13385 26912 30
13385 25429 30
13385 26823 30
13385 26825 30
13385 26828 30
13385 27657 30
13385 29132 30
13385 29132 30
13385 29141 30
13385 29149 30
13385 29142 30
13385 29143 30
13385 29152 30
13385 29153 30
13385 29155 30
13385 29154 30
13385 29156 30
13385 29144 30
13385 29158 30
13385 29157 30
13385 29141 30
13385 29149 30
13385 29150 30
13385 29144 30
13385 29141 30
13385 29149 30
13385 29151 30
13385 27657 30
13385 25426 30
13385 25427 30
13385 25428 30
13385 26954 30
13386 24909 30
13386 24910 30
13386 24911 30
13387 24909 30
13387 24913 30
13388 25416 30
13388 25417 30
13388 25420 30
13388 25421 30
13388 25422 30
13388 25423 30
13389 25864 30
13389 25873 30
13390 25864 30
13390 25873 30
13391 25060 30
13391 25061 30
13391 25062 30
13391 25063 30
13392 34278 30
13392 34279 30
13392 34280 30
13392 34370 30
13392 33022 30
13392 33023 30
13392 33024 30
13392 33025 30
13392 33026 30
13392 33027 30
13392 33028 30
13392 33029 30
13392 25432 30
13392 25433 30
13392 25434 30
13392 25435 30
13392 25436 30
13392 25443 30
13394 25416 30
13394 25417 30
13394 25418 30
13394 25419 30
13394 25420 30
13394 25421 30
13394 25422 30
13394 25423 30
13394 25429 30
13394 25431 30
13394 25420 30
13394 25421 30
13394 25422 30
13394 25423 30
13394 25424 30
13394 25425 30
13394 25430 30
13394 27657 30
13394 27657 30
13395 28448 30
13395 28480 30
13396 24826 30
13396 24829 30
13396 24830 30
13396 24828 30
13396 24827 30
13396 26634 30
13396 26637 30
13396 26639 30
13397 34278 30
13397 34279 30
13397 34280 30
13397 34354 30
13397 34355 30
13397 34356 30
13398 27657 30
13399 27657 30
13400 28235 30
13400 28236 30
13401 28235 30
13401 28236 30
13402 24869 30
13402 24870 30
13402 24871 30
13402 24872 30
13402 24873 30
13402 24874 30
13402 24875 30
13402 24876 30
13403 26821 30
13403 26822 30
13403 26823 30
13403 26825 30
13403 26828 30
13403 26831 30
13403 26836 30
13403 26843 30
13403 26927 30
13403 26928 30
13403 26929 30
13403 26930 30
13403 26931 30
13403 26942 30
13403 25416 30
13403 25417 30
13403 25418 30
13403 25419 30
13403 25420 30
13403 25421 30
13403 25422 30
13403 25423 30
13403 25424 30
13403 25425 30
13403 25430 30
13403 25431 30
13403 25420 30
13403 25422 30
13403 26904 30
13403 26905 30
13403 26906 30
13403 26907 30
13403 26908 30
13403 26909 30
13403 26911 30
13403 26912 30
13403 25429 30
13403 26823 30
13403 26825 30
13403 26828 30
13403 27657 30
13403 29132 30
13403 29132 30
13403 29141 30
13403 29149 30
13403 29142 30
13403 29143 30
13403 29152 30
13403 29153 30
13403 29155 30
13403 29154 30
13403 29156 30
13403 29144 30
13403 29158 30
13403 29157 30
13403 29141 30
13403 29149 30
13403 29150 30
13403 29144 30
13403 29141 30
13403 29149 30
13403 29151 30
13403 27657 30
13403 25426 30
13403 25427 30
13403 25428 30
13403 26954 30
13404 24909 30
13404 24910 30
13404 24911 30
13405 24909 30
13405 24913 30
13406 25416 30
13406 25417 30
13406 25420 30
13406 25421 30
13406 25422 30
13406 25423 30
13406 25418 30
13406 25419 30
13406 25420 30
13406 25421 30
13406 25422 30
13406 25423 30
13406 25424 30
13406 25425 30
13406 25430 30
13406 25431 30
13407 25864 30
13407 25873 30
13408 25864 30
13408 25873 30
13409 27180 30
13409 27181 30
13409 27182 30
13410 25060 30
13410 25061 30
13410 25062 30
13410 25063 30
13411 34278 30
13411 34279 30
13411 34280 30
13411 34370 30
13411 33022 30
13411 33023 30
13411 33024 30
13411 33025 30
13411 33026 30
13411 33027 30
13411 33028 30
13411 33029 30
13411 25432 30
13411 25433 30
13411 25434 30
13411 25435 30
13411 25436 30
13411 25443 30
13413 28354 30
13413 28358 30
13413 26984 30
13413 26985 30
13413 26987 30
13413 26988 30
13413 26990 30
13413 25444 30
13413 25445 30
13413 25446 30
13413 25447 30
13413 25451 30
13413 25448 30
13413 25449 30
13413 25450 30
13451 23119 30
13451 23120 30
13451 23121 30
13451 23122 30
13451 23123 30
13452 23526 30
13452 23527 30
13452 23528 30
13452 23529 30
13452 23530 30
13452 23531 30
13452 23534 30
13452 23535 30
13452 23541 30
13452 23542 30
13452 23543 30
13452 23544 30
13452 23545 30
13452 23546 30
13455 21433 30
13455 21443 30
13455 22582 30
13455 22588 30
13455 22586 30
13455 22589 30
13456 21433 30
13456 21443 30
13456 21444 30
13456 22582 30
13456 22586 30
13456 22589 30
13458 23651 30
13458 23656 30
13458 23659 30
13458 23660 30
13459 22582 30
13459 22583 30
13459 21292 30
13459 21529 30
13460 22582 30
13461 21206 30
13461 21210 30
13462 21221 30
13462 21222 30
13462 21223 30
13462 21224 30
13463 22561 30
13463 22562 30
13464 21528 30
13464 21545 30
13465 34278 30
13465 34279 30
13465 34280 30
13465 34354 30
13466 21528 30
13466 21540 30
13466 21769 30
13466 21783 30
13466 21785 30
13466 21788 30
13467 21528 30
13467 21540 30
13467 21769 30
13467 21783 30
13467 21785 30
13467 21788 30
13468 21528 30
13468 21545 30
13468 21828 30
13468 21829 30
13468 21830 30
13468 21831 30
13468 21832 30
13468 21834 30
13468 21835 30
13469 22883 30
13469 22884 30
13469 22888 30
13469 22952 30
13470 25732 30
13472 25732 30
13472 25761 30
13472 25864 30
13472 25883 30
13473 25864 30
13473 25986 30
13473 25880 30
13473 28552 30
13473 28553 30
13473 26587 30
13473 26593 30
13473 26152 30
13473 26155 30
13473 26156 30
13473 26154 30
13473 24203 30
13473 24205 30
13474 25864 30
13474 25883 30
13474 25951 30
13474 25590 30
13474 25688 30
13475 22628 30
13476 22582 30
13478 22952 30
13478 21221 30
13478 21206 30
13479 21528 30
13479 21537 30
13479 21529 30
13479 21291 30
13479 21301 30
13479 22582 30
13480 23119 30
13480 23120 30
13480 23121 30
13480 23122 30
13480 23123 30
13482 21487 30
13482 21492 30
13482 21490 30
13482 21491 30
13483 21221 30
13483 21206 30
13483 21210 30
13484 21528 30
13484 21529 30
13484 21537 30
13484 21291 30
13484 21301 30
13484 22582 30
13484 21206 30
13484 21210 30
13487 22586 30
13488 22582 30
13488 22619 30
13489 21221 30
13489 21222 30
13490 21221 30
13490 21222 30
13490 21223 30
13490 21224 30
13490 21226 30
13490 21225 30
13491 21221 30
13491 21222 30
13491 21223 30
13491 21224 30
13491 21226 30
13491 21225 30
13492 21221 30
13492 21222 30
13492 21223 30
13492 21224 30
13492 21226 30
13492 21225 30
13493 21221 30
13493 21222 30
13493 21223 30
13493 21224 30
13493 21226 30
13493 21225 30
13494 21221 30
13494 21222 30
13494 21223 30
13494 21224 30
13494 21226 30
13494 21225 30
13495 21221 30
13495 21222 30
13495 21223 30
13495 21224 30
13495 21226 30
13495 21225 30
13497 21221 30
13497 21222 30
13497 21223 30
13497 21224 30
13497 21226 30
13497 21225 30
13499 21221 30
13499 21222 30
13499 21223 30
13499 21224 30
13499 21226 30
13499 21225 30
13501 21221 30
13501 21222 30
13501 21223 30
13501 21224 30
13501 21226 30
13501 21225 30
13502 21221 30
13502 21222 30
13502 21223 30
13502 21224 30
13502 21226 30
13502 21225 30
13503 21221 30
13503 21222 30
13503 21223 30
13503 21224 30
13503 21226 30
13503 21225 30
13504 21221 30
13504 21222 30
13504 21223 30
13504 21224 30
13504 21226 30
13504 21225 30
13506 21221 30
13506 21222 30
13506 21223 30
13506 21224 30
13506 21226 30
13506 21225 30
13508 21221 30
13508 21222 30
13508 21223 30
13508 21224 30
13508 21226 30
13508 21225 30
13510 21221 30
13510 21222 30
13510 21223 30
13510 21224 30
13510 21226 30
13510 21225 30
13512 21221 30
13512 21222 30
13512 21223 30
13512 21224 30
13512 21226 30
13512 21225 30
