13268 13359 31
13268 13366 31
13268 13367 31
13268 13360 31
13268 13365 31
13268 13368 31
13268 13369 31
13268 13373 31
13268 13371 31
13268 13372 31
13268 13374 31
13269 13370 31
13270 13468 31
13271 13469 31
13272 13359 31
13273 13376 31
13274 13377 31
13268 13378 31
13268 13381 31
13268 13382 31
13268 13383 31
13268 13384 31
13268 13385 31
13268 13386 31
13268 13387 31
13268 13388 31
13268 13389 31
13268 13390 31
13268 13391 31
13268 13394 31
13268 13395 31
13268 13396 31
13268 13397 31
13268 13402 31
13268 13409 31
13268 13413 31
13268 13398 31
13268 13399 31
13268 13400 31
13268 13401 31
13268 13403 31
13268 13404 31
13268 13405 31
13268 13406 31
13268 13407 31
13268 13408 31
13268 13410 31
13268 13414 31
13275 13397 31
13275 13380 31
13276 13396 31
13276 13379 31
13268 13375 31
13268 13358 31
13277 13361 31
13278 13361 31
13268 13392 31
13268 13393 31
13268 13411 31
13268 13412 31
13268 13362 31
13268 13363 31
13268 13364 31
13268 13463 31
13268 13464 31
13268 13465 31
13268 13466 31
13268 13467 31
13279 13478 31
13280 13479 31
13281 13480 31
13282 13481 31
13283 13479 31
13284 13481 31
13284 13482 31
13285 13483 31
13286 13484 31
13268 13451 31
13268 13452 31
13268 13453 31
13268 13454 31
13287 13485 31
13287 13486 31
13287 13487 31
13288 13488 31
13288 13489 31
13289 13473 31
13290 13474 31
13268 13455 31
13268 13456 31
13268 13457 31
13268 13458 31
13268 13459 31
13268 13460 31
13291 13475 31
13292 13476 31
13293 13460 31
13268 13461 31
13268 13462 31
13292 13513 31
13292 13514 31
13292 13521 31
13292 13515 31
13292 13516 31
13294 13517 31
13294 13518 31
13294 13519 31
13294 13520 31
13294 13521 31
13295 13521 31
13296 13490 31
13297 13491 31
13297 13492 31
13298 13490 31
13298 13491 31
13298 13492 31
13298 13493 31
13298 13494 31
13299 13495 31
13299 13497 31
13299 13499 31
13300 13495 31
13300 13497 31
13300 13499 31
13300 13501 31
13300 13502 31
13300 13503 31
13301 13504 31
13302 13506 31
13303 13504 31
13303 13506 31
13303 13508 31
13303 13510 31
13303 13512 31
13304 13470 31
13305 13471 31
13306 13472 31
13307 13472 31
13308 13522 31
13311 13526 31
13312 13559 31
20819 20853 31
20819 20854 31
20819 20855 31
20819 20856 31
20820 20857 31
20819 20858 31
20821 20859 31
20822 20859 31
20823 20859 31
20819 20860 31
20819 20861 31
20819 20862 31
20824 20859 31
20825 20859 31
20826 20859 31
20819 20863 31
20819 20864 31
20819 20865 31
20827 20866 31
20828 20866 31
20829 20866 31
20830 20866 31
20831 20866 31
20832 20867 31
20833 20868 31
20834 20859 31
20819 20869 31
20819 20870 31
20819 20871 31
20835 20872 31
20836 20872 31
20837 20872 31
20819 20873 31
20819 20874 31
20819 20875 31
20819 20876 31
20819 20872 31
20819 20877 31
20819 20878 31
20819 20879 31
20819 20880 31
20819 20881 31
20819 20882 31
20819 20883 31
20819 20884 31
20819 20885 31
20819 20886 31
20819 20887 31
20819 20888 31
20819 20889 31
20819 20890 31
20819 20891 31
20819 20892 31
20819 20893 31
20819 20894 31
20819 20895 31
20838 20896 31
20819 20897 31
20819 20898 31
20838 20899 31
20838 20900 31
20839 20901 31
20840 20902 31
20819 20903 31
20819 20904 31
20819 20905 31
20841 20877 31
20842 20906 31
20842 20859 31
20819 20907 31
20819 20859 31
20843 20859 31
20844 20859 31
20845 20859 31
20819 20908 31
20819 20909 31
20846 21066 31
20819 21067 31
20819 21068 31
20847 21069 31
20848 21070 31
20847 21071 31
20848 21072 31
20849 21073 31
20847 21074 31
20848 21075 31
20849 21076 31
20850 21077 31
20851 21078 31
20852 21079 31
21200 21080 31
21200 21081 31
21200 21082 31
21200 21083 31
21201 21084 31
21200 21085 31
21200 21086 31
21202 21087 31
21200 21088 31
21200 21089 31
21200 21090 31
21200 21091 31
21200 21092 31
21200 21093 31
21203 21094 31
21204 21095 31
21205 21084 31
21200 21096 31
