21105 15164 32
21105 15164 32
21106 15068 32
21106 15068 32
21106 15164 32
21107 17154 32
21107 17233 32
21107 15164 32
21107 15068 32
21108 15166 32
21108 15166 32
21108 15166 32
21109 14776 32
21109 15164 32
21110 14776 32
21110 14776 32
21111 17233 32
21112 15164 32
21113 15164 32
21113 15068 32
21114 15164 32
21114 15068 32
21115 15164 32
21115 15068 32
21115 14899 32
21115 14899 32
21116 16292 32
21116 16688 32
21116 15164 32
21116 14917 32
21116 15068 32
21117 16307 32
21117 15164 32
21118 16307 32
21118 15164 32
21118 15068 32
21119 17233 32
21120 16062 32
21120 16078 32
21120 16038 32
21120 15975 32
21120 16007 32
21120 16361 32
21120 16361 32
21120 15164 32
21120 15164 32
21120 15068 32
21121 14656 32
21123 15380 32
21123 15979 32
21124 17233 32
21125 15257 32
21126 15257 32
21127 16062 32
21128 16062 32
21129 16632 32
21129 16652 32
21129 16364 32
21129 16640 32
21129 16364 32
21129 16632 32
21129 16364 32
21129 15257 32
21129 15787 32
21129 15787 32
21129 15791 32
21129 15791 32
21129 15791 32
21129 15257 32
21129 16364 32
21129 16653 32
21130 16307 32
21131 16307 32
21132 16364 32
21133 16007 32
21134 16007 32
21135 16371 32
21136 17233 32
21136 17154 32
21136 17578 32
21136 16367 32
21137 16840 32
21137 16829 32
21137 17058 32
21137 17056 32
21138 16364 32
21138 16364 32
21138 15257 32
21138 15257 32
21139 16332 32
21140 16062 32
21141 16062 32
21142 16373 32
21142 16373 32
21143 16632 32
21143 16652 32
21143 16364 32
21143 16364 32
21143 16640 32
21143 16364 32
21143 16632 32
21143 16364 32
21143 15257 32
21143 15787 32
21143 15787 32
21143 15791 32
21143 15791 32
21143 15791 32
21143 15257 32
21143 16364 32
21143 16653 32
21144 16364 32
21144 16364 32
21145 16007 32
21146 15311 32
21147 16350 32
21147 16597 32
21147 16369 32
21148 14785 32
21149 14903 32
21149 14899 32
21150 15153 32
21150 15182 32
21151 15153 32
21151 15182 32
21152 14627 32
21153 15182 32
21153 15151 32
21153 15164 32
21154 15153 32
21154 15182 32
21155 15012 32
21156 15021 32
21157 15166 32
21158 15164 32
21159 17233 32
21160 15164 32
21160 15066 32
21161 15164 32
21161 15066 32
21162 15164 32
21162 15071 32
21163 15036 32
21163 14818 32
21164 16046 32
21164 16046 32
21165 16046 32
21165 16007 32
21166 16007 32
21166 16132 32
21166 15989 32
21166 16139 32
21166 15925 32
21167 16007 32
21167 16038 32
21168 15186 32
21169 15182 32
21170 15153 32
21170 15182 32
21171 14818 32
21171 14818 32
21171 15021 32
21171 15012 32
21172 15164 32
21172 15164 32
21172 15151 32
21172 15182 32
21173 15005 32
21174 15021 32
21174 15012 32
21175 15164 32
21175 15164 32
21175 15151 32
21175 15182 32
21175 15182 32
21175 15012 32
21176 15182 32
21177 15182 32
21178 15021 32
21179 15021 32
21180 15021 32
21181 15021 32
21182 15021 32
21183 15021 32
21184 15021 32
21185 15021 32
21186 15021 32
21187 15021 32
21188 15021 32
21189 15021 32
21190 15021 32
21191 15021 32
21192 15021 32
21193 15021 32
21194 15021 32
