13359 21105 1
13360 21106 1
13361 21107 1
13362 21108 1
13363 21109 1
13364 21110 1
13365 21111 1
13366 21112 1
13367 21113 1
13368 21114 1
13369 21115 1
13370 21116 1
13371 21117 1
13372 21118 1
13373 21119 1
13374 21120 1
13375 21121 1
13376 21122 1
13379 21123 1
13380 21124 1
13381 21125 1
13382 21126 1
13383 21127 1
13384 21128 1
13385 21129 1
13386 21130 1
13387 21131 1
13388 21132 1
13389 21133 1
13390 21134 1
13391 21135 1
13392 21136 1
13393 21137 1
13394 21138 1
13395 21139 1
13396 21140 1
13397 21124 1
13398 21125 1
13399 21126 1
13400 21127 1
13401 21141 1
13402 21142 1
13403 21143 1
13404 21144 1
13405 21131 1
13406 21132 1
13407 21145 1
13408 21146 1
13409 21135 1
13410 21147 1
13411 21136 1
13412 21137 1
13413 21138 1
13414 21148 1
13452 21149 1
13453 21150 1
13456 21151 1
13457 21152 1
13459 21153 1
13460 21154 1
13461 21155 1
13462 21156 1
13463 21157 1
13464 21158 1
13465 21159 1
13466 21160 1
13467 21161 1
13468 21162 1
13469 21163 1
13470 21164 1
13471 21165 1
13473 21166 1
13474 21167 1
13475 21168 1
13476 21169 1
13477 21170 1
13461 21171 1
13479 21172 1
13480 21173 1
13481 21149 1
13483 21174 1
13484 21175 1
13485 21176 1
13488 21177 1
13489 21178 1
13490 21179 1
13491 21180 1
13492 21181 1
13493 21182 1
13494 21183 1
13495 21184 1
13496 21185 1
13498 21186 1
13500 21187 1
13502 21188 1
13503 21189 1
13504 21190 1
13505 21191 1
13507 21192 1
13509 21193 1
13511 21194 1
13513 21195 1
13530 21196 1
13531 21197 1
13533 21198 1
13534 21198 1
13535 21198 1
13536 21198 1
13537 21198 1
13538 21198 1
13543 21199 1
13547 21198 1
13549 21198 1
13551 21198 1
13552 21198 1
13553 21200 1
13554 21198 1
13555 21198 1
13556 21198 1
13557 21198 1
13558 21198 1
13559 21198 1
