13359 12486 4
13360 12758 4
13361 12758 4
13362 12758 4
13363 12764 4
13364 12764 4
13365 12764 4
13366 12812 4
13367 13253 4
13368 13253 4
13369 12839 4
13370 12665 4
13371 12330 4
13372 12866 4
13373 12866 4
13374 12826 4
13375 12827 4
13376 12758 4
13379 12758 4
13379 12665 4
13379 12839 4
13379 12826 4
13380 12824 4
13381 12824 4
13382 12536 4
13383 12536 4
13384 12912 4
13385 12912 4
13386 13027 4
13387 12296 4
13388 12296 4
13389 12636 4
13390 12614 4
13391 12614 4
13392 12614 4
13393 12393 4
13394 12467 4
13395 12417 4
13396 12374 4
13397 12182 4
13398 12182 4
13399 12971 4
13400 12971 4
13401 12794 4
13402 12794 4
13403 12237 4
13404 12335 4
13405 12344 4
13406 12344 4
13407 12740 4
13408 13075 4
13409 13075 4
13410 13075 4
13411 13075 4
13412 12901 4
13413 12654 4
13414 12190 4
13415 12417 4
13416 12931 4
13417 12312 4
13418 13196 4
13419 13196 4
13420 12155 4
13421 12926 4
13422 12631 4
13423 13055 4
13424 12813 4
13425 12311 4
13426 12311 4
13427 12981 4
13428 12566 4
13429 13021 4
13430 12459 4
13431 12962 4
13432 13078 4
13433 12465 4
13434 12338 4
13435 12545 4
13436 13198 4
13437 12288 4
13438 12415 4
13439 12397 4
13440 12553 4
13441 12271 4
13442 12828 4
13443 13099 4
13444 12231 4
13445 12212 4
13446 12462 4
13450 12294 4
13451 12294 4
13464 12672 4
13465 12758 4
13466 12812 4
13488 12312 4
13491 13023 4
13492 13023 4
13493 13023 4
13494 13023 4
13495 13023 4
13496 13023 4
13498 13023 4
13500 13023 4
13502 13023 4
13503 13023 4
13504 13023 4
13505 13023 4
13507 13023 4
13509 13023 4
13511 13023 4
13513 13023 4
