1 342 5
2 342 5
3 342 5
4 342 5
5 342 5
6 345 5
7 342 5
8 342 5
9 342 5
10 342 5
11 342 5
12 342 5
13 342 5
14 342 5
15 342 5
16 346 5
17 342 5
18 342 5
19 342 5
20 342 5
21 342 5
22 343 5
23 347 5
24 342 5
25 342 5
26 342 5
27 342 5
28 342 5
29 342 5
30 342 5
31 342 5
32 342 5
33 342 5
34 342 5
35 348 5
36 345 5
37 347 5
38 351 5
39 345 5
40 348 5
41 347 5
42 350 5
43 349 5
44 345 5
45 345 5
46 346 5
47 346 5
48 349 5
49 348 5
50 348 5
51 348 5
52 344 5
53 344 5
54 344 5
55 344 5
56 344 5
57 344 5
58 344 5
59 344 5
60 344 5
61 344 5
62 344 5
63 344 5
64 344 5
65 344 5
66 351 5
67 351 5
68 351 5
69 351 5
70 344 5
71 351 5
72 351 5
73 351 5
74 351 5
75 351 5
76 351 5
77 351 5
78 348 5
79 348 5
80 348 5
81 348 5
82 348 5
83 348 5
84 348 5
85 351 5
86 351 5
87 351 5
88 351 5
89 348 5
90 348 5
91 348 5
92 348 5
93 348 5
94 343 5
95 343 5
96 343 5
97 343 5
98 343 5
99 343 5
100 343 5
101 343 5
102 343 5
103 343 5
104 343 5
105 343 5
106 343 5
107 343 5
108 343 5
109 343 5
110 343 5
111 343 5
112 343 5
113 343 5
114 343 5
115 343 5
116 342 5
117 343 5
118 343 5
119 343 5
120 343 5
121 343 5
122 343 5
123 343 5
124 343 5
125 343 5
126 343 5
127 343 5
128 343 5
129 343 5
130 343 5
131 343 5
132 343 5
133 343 5
134 343 5
135 343 5
136 343 5
137 343 5
138 343 5
139 343 5
140 343 5
141 343 5
142 343 5
143 343 5
144 343 5
145 343 5
146 346 5
147 343 5
148 343 5
149 343 5
150 343 5
151 349 5
152 343 5
153 348 5
154 351 5
155 348 5
156 348 5
157 348 5
158 348 5
159 344 5
160 344 5
161 344 5
162 349 5
163 348 5
164 348 5
165 345 5
166 345 5
167 348 5
168 348 5
169 345 5
170 345 5
171 348 5
172 345 5
173 345 5
174 348 5
175 348 5
176 348 5
177 348 5
178 345 5
179 348 5
180 348 5
181 348 5
182 346 5
183 348 5
184 348 5
185 348 5
186 348 5
187 348 5
188 348 5
189 348 5
190 348 5
191 348 5
192 348 5
193 348 5
194 345 5
195 345 5
196 345 5
197 350 5
198 345 5
199 345 5
200 348 5
201 345 5
202 345 5
203 345 5
204 348 5
205 348 5
206 348 5
207 348 5
208 348 5
209 349 5
210 348 5
211 348 5
212 345 5
213 345 5
214 345 5
215 345 5
216 345 5
217 345 5
218 345 5
219 348 5
220 350 5
221 345 5
222 347 5
223 348 5
224 345 5
225 350 5
226 348 5
227 348 5
228 348 5
229 348 5
230 348 5
231 348 5
232 348 5
233 348 5
234 345 5
235 345 5
236 350 5
237 349 5
238 349 5
239 349 5
240 349 5
241 349 5
242 348 5
243 348 5
244 348 5
245 348 5
246 348 5
247 348 5
248 348 5
249 348 5
250 348 5
251 348 5
252 345 5
253 345 5
254 348 5
255 344 5
256 349 5
257 349 5
258 349 5
259 348 5
260 345 5
261 348 5
262 349 5
263 348 5
264 348 5
265 348 5
266 345 5
267 344 5
268 346 5
269 349 5
270 346 5
271 348 5
272 348 5
273 348 5
274 348 5
275 348 5
276 348 5
277 348 5
278 348 5
279 348 5
280 348 5
281 348 5
282 348 5
283 348 5
284 345 5
285 345 5
286 348 5
287 348 5
288 348 5
289 348 5
290 349 5
291 349 5
292 349 5
293 349 5
294 349 5
295 348 5
296 344 5
297 348 5
298 349 5
299 345 5
300 345 5
301 345 5
302 345 5
303 345 5
304 345 5
305 345 5
306 345 5
307 345 5
308 345 5
309 346 5
310 346 5
311 346 5
312 346 5
313 346 5
314 346 5
315 346 5
316 348 5
317 348 5
318 348 5
319 348 5
320 348 5
321 348 5
322 348 5
323 345 5
324 345 5
325 345 5
326 348 5
327 348 5
328 345 5
329 344 5
330 348 5
331 348 5
332 344 5
333 347 5
334 348 5
335 348 5
336 348 5
337 348 5
338 348 5
339 349 5
340 348 5
341 351 5
