12143 13264 5
12144 13256 5
12145 13255 5
12146 13255 5
12147 13256 5
12149 13255 5
12150 13256 5
12151 13256 5
12152 13256 5
12153 13256 5
12154 13256 5
12155 13257 5
12156 13255 5
12157 13255 5
12158 13256 5
12159 13256 5
12160 13256 5
12161 13256 5
12162 13265 5
12163 13256 5
12164 13255 5
12165 13255 5
12166 13256 5
12167 13255 5
12168 13264 5
12169 13256 5
12170 13255 5
12171 13255 5
12172 13255 5
12173 13265 5
12174 13265 5
12176 13260 5
12177 13256 5
12178 13256 5
12179 13256 5
12180 13255 5
12181 13262 5
12182 13256 5
12183 13255 5
12184 13255 5
12185 13260 5
12186 13256 5
12187 13255 5
12188 13263 5
12189 13255 5
12190 13256 5
12191 13256 5
12192 13260 5
12193 13255 5
12194 13255 5
12195 13265 5
12196 13264 5
12197 13256 5
12198 13256 5
12199 13256 5
12200 13255 5
12201 13256 5
12202 13256 5
12203 13259 5
12204 13255 5
12205 13262 5
12206 13256 5
12207 13259 5
12208 13256 5
12209 13265 5
12210 13256 5
12211 13259 5
12212 13262 5
12213 13255 5
12214 13255 5
12215 13255 5
12216 13268 5
12217 13256 5
12218 13256 5
12219 13256 5
12220 13256 5
12221 13265 5
12222 13256 5
12223 13255 5
12224 13255 5
12225 13267 5
12226 13255 5
12227 13259 5
12228 13255 5
12229 13256 5
12230 13255 5
12231 13255 5
12232 13265 5
12233 13268 5
12234 13256 5
12235 13265 5
12236 13264 5
12237 13256 5
12238 13264 5
12239 13265 5
12240 13258 5
12241 13256 5
12242 13256 5
12243 13264 5
12244 13259 5
12245 13255 5
12246 13255 5
12247 13256 5
12248 13256 5
12249 13268 5
12250 13255 5
12251 13256 5
12252 13256 5
12253 13255 5
12254 13262 5
12255 13256 5
12256 13255 5
12257 13255 5
12258 13256 5
12259 13255 5
12260 13256 5
12261 13256 5
12262 13259 5
12263 13255 5
12264 13255 5
12265 13260 5
12266 13260 5
12267 13256 5
12268 13256 5
12269 13265 5
12270 13256 5
12271 13256 5
12272 13255 5
12273 13259 5
12274 13258 5
12275 13255 5
12276 13256 5
12277 13255 5
12278 13256 5
12279 13264 5
12280 13255 5
12281 13256 5
12282 13255 5
12283 13259 5
12284 13255 5
12285 13256 5
12286 13255 5
12287 13259 5
12289 13256 5
12291 13256 5
12292 13256 5
12293 13256 5
12294 13255 5
12295 13256 5
12296 13256 5
12297 13255 5
12298 13265 5
12299 13256 5
12300 13256 5
12301 13265 5
12302 13262 5
12303 13255 5
12304 13255 5
12305 13256 5
12306 13256 5
12307 13256 5
12308 13260 5
12309 13264 5
12310 13256 5
12312 13255 5
12313 13255 5
12314 13256 5
12315 13255 5
12316 13268 5
12317 13256 5
12318 13265 5
12319 13255 5
12321 13268 5
12322 13256 5
12323 13256 5
12324 13255 5
12325 13255 5
12326 13260 5
12327 13255 5
12328 13256 5
12329 13256 5
12330 13260 5
12331 13255 5
12332 13256 5
12333 13256 5
12334 13267 5
12335 13256 5
12336 13256 5
12337 13256 5
12338 13256 5
12339 13255 5
12341 13255 5
12342 13267 5
12343 13265 5
12344 13256 5
12345 13256 5
12346 13255 5
12347 13255 5
12348 13256 5
12349 13260 5
12350 13265 5
12351 13255 5
12352 13255 5
12353 13256 5
12354 13255 5
12355 13255 5
12356 13255 5
12357 13260 5
12358 13258 5
12359 13255 5
12360 13255 5
12361 13259 5
12362 13255 5
12363 13264 5
12364 13256 5
12365 13255 5
12366 13259 5
12367 13256 5
12368 13259 5
12369 13255 5
12370 13264 5
12371 13256 5
12372 13255 5
12373 13255 5
12374 13256 5
12375 13256 5
12376 13256 5
12377 13256 5
12378 13255 5
12379 13256 5
12380 13256 5
12381 13255 5
12382 13265 5
12383 13265 5
12384 13255 5
12385 13255 5
12386 13255 5
12387 13256 5
12388 13265 5
12389 13255 5
12390 13256 5
12391 13255 5
12392 13255 5
12393 13256 5
12394 13255 5
12395 13255 5
12396 13256 5
12397 13256 5
12398 13255 5
12399 13256 5
12400 13256 5
12401 13255 5
12402 13255 5
12403 13262 5
12404 13256 5
12405 13256 5
12406 13256 5
12407 13256 5
12408 13255 5
12409 13258 5
12410 13256 5
12411 13255 5
12412 13256 5
12413 13255 5
12414 13256 5
12415 13256 5
12416 13255 5
12418 13265 5
12419 13255 5
12420 13256 5
12421 13268 5
12422 13255 5
12423 13255 5
12424 13264 5
12425 13258 5
12426 13255 5
12427 13256 5
12428 13256 5
12429 13265 5
12430 13265 5
12431 13255 5
12432 13255 5
12433 13256 5
12434 13256 5
12435 13256 5
12436 13256 5
12437 13255 5
12438 13255 5
12439 13262 5
12440 13255 5
12441 13267 5
12442 13256 5
12443 13256 5
12444 13256 5
12445 13255 5
12446 13265 5
12447 13255 5
12448 13256 5
12449 13265 5
12450 13256 5
12451 13255 5
12452 13256 5
12453 13256 5
12454 13268 5
12455 13259 5
12456 13256 5
12457 13264 5
12458 13256 5
12459 13262 5
12460 13264 5
12461 13255 5
12462 13262 5
12463 13265 5
12464 13256 5
12465 13264 5
12466 13264 5
12467 13256 5
12468 13256 5
12469 13256 5
12470 13264 5
12471 13255 5
12472 13255 5
12473 13256 5
12474 13256 5
12475 13255 5
12476 13255 5
12477 13255 5
12478 13258 5
12479 13256 5
12480 13256 5
12481 13256 5
12482 13255 5
12483 13255 5
12484 13256 5
12485 13255 5
12486 13255 5
12487 13255 5
12488 13256 5
12489 13256 5
12490 13268 5
12491 13255 5
12492 13256 5
12493 13260 5
12494 13256 5
12495 13256 5
12496 13255 5
12497 13268 5
12498 13255 5
12499 13256 5
12500 13256 5
12501 13255 5
12502 13255 5
12503 13255 5
12504 13256 5
12505 13256 5
12506 13255 5
12507 13255 5
12508 13267 5
12509 13255 5
12510 13255 5
12511 13256 5
12512 13256 5
12513 13256 5
12514 13256 5
12515 13268 5
12516 13256 5
12517 13256 5
12518 13265 5
12519 13255 5
12520 13260 5
12521 13255 5
12522 13255 5
12524 13255 5
12525 13255 5
12526 13256 5
12527 13256 5
12528 13265 5
12529 13255 5
12530 13255 5
12531 13256 5
12532 13256 5
12533 13255 5
12534 13256 5
12535 13256 5
12536 13256 5
12537 13255 5
12538 13255 5
12539 13256 5
12540 13255 5
12541 13255 5
12542 13256 5
12543 13256 5
12544 13255 5
12545 13256 5
12546 13256 5
12547 13256 5
12548 13268 5
12549 13256 5
12550 13255 5
12551 13256 5
12552 13256 5
12553 13256 5
12554 13255 5
12555 13255 5
12556 13256 5
12557 13256 5
12558 13265 5
12559 13268 5
12560 13256 5
12561 13268 5
12562 13268 5
12563 13255 5
12564 13256 5
12565 13256 5
12566 13256 5
12567 13255 5
12568 13268 5
12569 13268 5
12570 13262 5
12571 13256 5
12572 13262 5
12573 13265 5
12574 13255 5
12575 13255 5
12576 13256 5
12577 13255 5
12578 13256 5
12579 13255 5
12580 13268 5
12581 13256 5
12582 13256 5
12583 13256 5
12584 13255 5
12585 13255 5
12586 13255 5
12587 13255 5
12589 13256 5
12590 13256 5
12591 13264 5
12592 13256 5
12593 13256 5
12594 13262 5
12595 13256 5
12596 13256 5
12597 13268 5
12598 13265 5
12599 13256 5
12600 13256 5
12601 13255 5
12602 13256 5
12603 13255 5
12604 13256 5
12605 13268 5
12606 13255 5
12607 13264 5
12608 13255 5
12609 13255 5
12610 13255 5
12611 13267 5
12613 13255 5
12614 13256 5
12615 13255 5
12616 13255 5
12617 13265 5
12618 13265 5
12619 13265 5
12620 13255 5
12621 13264 5
12622 13255 5
12623 13255 5
12624 13256 5
12625 13260 5
12626 13256 5
12627 13264 5
12628 13255 5
12629 13256 5
12630 13255 5
12631 13266 5
12632 13256 5
12633 13255 5
12634 13255 5
12635 13264 5
12636 13256 5
12637 13256 5
12638 13256 5
12639 13259 5
12640 13265 5
12641 13264 5
12642 13268 5
12643 13256 5
12644 13256 5
12645 13255 5
12646 13256 5
12647 13256 5
12648 13255 5
12649 13255 5
12650 13256 5
12651 13268 5
12652 13255 5
12653 13256 5
12654 13256 5
12655 13264 5
12656 13256 5
12657 13256 5
12658 13256 5
12659 13256 5
12660 13255 5
12661 13255 5
12662 13255 5
12663 13256 5
12664 13258 5
12665 13256 5
12666 13268 5
12667 13256 5
12668 13256 5
12669 13255 5
12670 13268 5
12671 13256 5
12672 13255 5
12673 13255 5
12674 13255 5
12675 13256 5
12676 13256 5
12677 13255 5
12678 13255 5
12679 13256 5
12680 13264 5
12681 13256 5
12682 13255 5
12683 13256 5
12684 13264 5
12685 13255 5
12686 13255 5
12687 13256 5
12688 13268 5
12689 13255 5
12690 13265 5
12691 13255 5
12692 13256 5
12693 13265 5
12694 13255 5
12695 13268 5
12696 13256 5
12697 13265 5
12698 13255 5
12699 13256 5
12700 13256 5
12701 13256 5
12702 13256 5
12703 13268 5
12704 13255 5
12705 13256 5
12706 13265 5
12707 13255 5
12708 13256 5
12709 13262 5
12710 13256 5
12711 13255 5
12712 13255 5
12713 13265 5
12714 13255 5
12715 13255 5
12716 13255 5
12717 13256 5
12718 13256 5
12719 13255 5
12720 13265 5
12721 13255 5
12722 13258 5
12723 13267 5
12724 13256 5
12725 13260 5
12726 13255 5
12727 13255 5
12728 13260 5
12729 13256 5
12730 13255 5
12731 13255 5
12732 13259 5
12733 13256 5
12734 13255 5
12735 13263 5
12736 13256 5
12737 13267 5
12738 13255 5
12739 13265 5
12740 13256 5
12741 13264 5
12742 13255 5
12743 13256 5
12744 13256 5
12745 13255 5
12746 13264 5
12747 13255 5
12748 13255 5
12749 13256 5
12750 13265 5
12751 13265 5
12752 13255 5
12753 13268 5
12754 13265 5
12755 13255 5
12757 13255 5
12758 13256 5
12759 13256 5
12760 13256 5
12761 13255 5
12762 13256 5
12763 13255 5
12764 13256 5
12765 13256 5
12766 13256 5
12767 13256 5
12768 13268 5
12769 13255 5
12770 13256 5
12771 13255 5
12772 13265 5
12773 13255 5
12774 13268 5
12775 13264 5
12776 13256 5
12777 13256 5
12778 13268 5
12779 13256 5
12780 13256 5
12781 13256 5
12782 13256 5
12783 13265 5
12784 13255 5
12785 13256 5
12786 13255 5
12787 13256 5
12788 13264 5
12789 13256 5
12790 13256 5
12791 13255 5
12792 13268 5
12793 13256 5
12794 13256 5
12795 13256 5
12796 13255 5
12797 13255 5
12798 13256 5
12799 13265 5
12800 13259 5
12801 13255 5
12802 13256 5
12803 13255 5
12804 13256 5
12805 13256 5
12806 13255 5
12807 13256 5
12808 13256 5
12809 13265 5
12810 13255 5
12811 13255 5
12812 13256 5
12814 13255 5
12815 13268 5
12816 13256 5
12817 13255 5
12819 13264 5
12820 13256 5
12821 13256 5
12822 13255 5
12823 13255 5
12824 13256 5
12825 13268 5
12826 13260 5
12827 13260 5
12829 13258 5
12830 13255 5
12831 13255 5
12832 13255 5
12833 13255 5
12834 13256 5
12835 13255 5
12836 13255 5
12837 13256 5
12838 13256 5
12839 13256 5
12840 13255 5
12841 13265 5
12842 13255 5
12843 13255 5
12844 13256 5
12845 13256 5
12846 13256 5
12847 13256 5
12848 13255 5
12849 13256 5
12850 13256 5
12851 13255 5
12852 13255 5
12853 13256 5
12854 13255 5
12855 13256 5
12856 13256 5
12857 13265 5
12858 13268 5
12859 13256 5
12860 13260 5
12861 13256 5
12862 13265 5
12863 13256 5
12864 13255 5
12865 13255 5
12866 13260 5
12867 13256 5
12868 13255 5
12869 13255 5
12870 13255 5
12871 13255 5
12872 13256 5
12873 13256 5
12874 13255 5
12875 13262 5
12876 13256 5
12877 13256 5
12878 13263 5
12879 13256 5
12880 13268 5
12881 13255 5
12882 13255 5
12883 13258 5
12884 13255 5
12885 13264 5
12886 13255 5
12887 13255 5
12888 13256 5
12889 13255 5
12890 13256 5
12891 13259 5
12892 13255 5
12893 13255 5
12894 13256 5
12895 13256 5
12896 13262 5
12897 13256 5
12898 13263 5
12899 13256 5
12900 13256 5
12901 13256 5
12902 13256 5
12903 13255 5
12904 13255 5
12905 13256 5
12906 13260 5
12907 13255 5
12908 13255 5
12909 13256 5
12910 13256 5
12911 13255 5
12912 13256 5
12913 13256 5
12914 13255 5
12915 13265 5
12916 13256 5
12917 13256 5
12918 13265 5
12919 13256 5
12920 13261 5
12921 13265 5
12922 13256 5
12923 13256 5
12924 13256 5
12925 13256 5
12926 13256 5
12927 13255 5
12928 13255 5
12929 13255 5
12930 13256 5
12931 13255 5
12932 13256 5
12933 13264 5
12934 13256 5
12935 13256 5
12936 13256 5
12937 13256 5
12938 13256 5
12939 13255 5
12941 13256 5
12942 13255 5
12943 13268 5
12944 13256 5
12945 13256 5
12946 13264 5
12947 13256 5
12949 13265 5
12950 13256 5
12951 13255 5
12952 13255 5
12953 13255 5
12954 13255 5
12955 13256 5
12956 13256 5
12957 13256 5
12958 13256 5
12959 13255 5
12960 13258 5
12961 13255 5
12962 13262 5
12963 13255 5
12964 13258 5
12965 13264 5
12966 13263 5
12967 13255 5
12968 13255 5
12969 13255 5
12970 13256 5
12971 13256 5
12972 13256 5
12973 13264 5
12975 13255 5
12976 13256 5
12977 13267 5
12978 13268 5
12979 13255 5
12980 13255 5
12981 13255 5
12982 13257 5
12983 13255 5
12984 13256 5
12985 13255 5
12986 13257 5
12987 13256 5
12988 13256 5
12989 13255 5
12990 13256 5
12991 13265 5
12992 13267 5
12993 13256 5
12994 13256 5
12995 13256 5
12996 13256 5
12997 13256 5
12998 13256 5
12999 13265 5
13000 13256 5
13001 13256 5
13002 13255 5
13003 13256 5
13004 13255 5
13005 13256 5
13006 13268 5
13007 13256 5
13008 13264 5
13009 13256 5
13010 13255 5
13011 13256 5
13012 13255 5
13013 13255 5
13014 13256 5
13015 13260 5
13016 13256 5
13017 13256 5
13018 13255 5
13019 13255 5
13020 13256 5
13021 13268 5
13022 13255 5
13023 13256 5
13024 13258 5
13025 13256 5
13026 13256 5
13027 13256 5
13028 13256 5
13029 13256 5
13030 13265 5
13031 13255 5
13032 13256 5
13033 13268 5
13034 13258 5
13035 13255 5
13036 13256 5
13037 13255 5
13038 13256 5
13039 13265 5
13040 13257 5
13041 13256 5
13042 13256 5
13043 13255 5
13044 13256 5
13045 13260 5
13046 13255 5
13047 13255 5
13048 13255 5
13049 13255 5
13050 13256 5
13051 13265 5
13052 13256 5
13053 13256 5
13054 13256 5
13055 13258 5
13056 13255 5
13057 13256 5
13058 13256 5
13059 13256 5
13060 13255 5
13061 13255 5
13062 13256 5
13063 13268 5
13064 13264 5
13065 13255 5
13066 13268 5
13067 13256 5
13068 13264 5
13069 13268 5
13070 13255 5
13071 13264 5
13072 13255 5
13073 13255 5
13074 13256 5
13075 13256 5
13076 13255 5
13077 13256 5
13078 13264 5
13079 13265 5
13080 13256 5
13081 13255 5
13082 13264 5
13083 13259 5
13084 13256 5
13085 13255 5
13086 13256 5
13087 13265 5
13088 13255 5
13089 13255 5
13090 13256 5
13091 13255 5
13092 13256 5
13093 13256 5
13094 13256 5
13095 13255 5
13097 13255 5
13098 13255 5
13099 13255 5
13100 13256 5
13101 13256 5
13102 13256 5
13103 13255 5
13104 13255 5
13105 13265 5
13106 13255 5
13107 13255 5
13108 13255 5
13109 13255 5
13110 13256 5
13111 13265 5
13112 13264 5
13113 13255 5
13114 13260 5
13115 13255 5
13116 13255 5
13117 13256 5
13118 13255 5
13119 13256 5
13120 13256 5
13121 13256 5
13122 13255 5
13123 13255 5
13124 13256 5
13125 13256 5
13126 13256 5
13127 13255 5
13128 13259 5
13129 13265 5
13130 13255 5
13131 13256 5
13132 13256 5
13133 13256 5
13134 13255 5
13135 13255 5
13136 13268 5
13137 13256 5
13138 13256 5
13139 13256 5
13140 13255 5
13141 13257 5
13142 13255 5
13143 13268 5
13144 13256 5
13145 13255 5
13146 13265 5
13147 13256 5
13148 13256 5
13149 13264 5
13150 13259 5
13151 13256 5
13152 13255 5
13153 13256 5
13154 13256 5
13155 13256 5
13156 13258 5
13157 13255 5
13158 13255 5
13159 13256 5
13160 13255 5
13161 13255 5
13162 13260 5
13163 13267 5
13164 13256 5
13165 13265 5
13166 13255 5
13167 13255 5
13168 13255 5
13169 13255 5
13170 13255 5
13171 13255 5
13172 13256 5
13173 13264 5
13174 13255 5
13175 13264 5
13176 13255 5
13177 13256 5
13178 13258 5
13179 13256 5
13180 13255 5
13181 13256 5
13182 13255 5
13183 13255 5
13184 13265 5
13185 13255 5
13186 13256 5
13187 13255 5
13188 13265 5
13189 13255 5
13190 13256 5
13191 13256 5
13192 13268 5
13193 13255 5
13194 13255 5
13195 13256 5
13196 13256 5
13197 13255 5
13199 13256 5
13200 13255 5
13201 13255 5
13202 13256 5
13203 13264 5
13204 13264 5
13205 13256 5
13206 13265 5
13207 13264 5
13208 13255 5
13209 13256 5
13210 13256 5
13211 13256 5
13212 13268 5
13213 13255 5
13214 13256 5
13215 13256 5
13216 13255 5
13217 13265 5
13218 13256 5
13219 13256 5
13220 13255 5
13221 13265 5
13222 13268 5
13223 13265 5
13224 13264 5
13225 13256 5
13226 13264 5
13227 13256 5
13228 13256 5
13229 13256 5
13230 13256 5
13231 13268 5
13232 13265 5
13233 13255 5
13234 13256 5
13235 13256 5
13236 13256 5
13237 13255 5
13238 13256 5
13239 13256 5
13240 13264 5
13241 13264 5
13242 13255 5
13243 13255 5
13244 13256 5
13245 13255 5
13246 13264 5
13247 13265 5
13248 13255 5
13249 13255 5
13250 13255 5
13251 13256 5
13252 13256 5
13253 13256 5
13254 13256 5
