14417 14612 5
14418 14612 5
14419 14612 5
14420 14612 5
14421 14612 5
14422 14612 5
14423 14612 5
14424 14612 5
14425 14612 5
14426 14612 5
14427 14612 5
14428 14612 5
14429 14614 5
14430 14614 5
14431 14614 5
14432 14616 5
14433 14616 5
14434 14616 5
14435 14616 5
14436 14616 5
14437 14612 5
14438 14614 5
14439 14614 5
14440 14609 5
14441 14609 5
14442 14609 5
14443 14609 5
14444 14601 5
14445 14601 5
14446 14604 5
14447 14604 5
14448 14604 5
14449 14604 5
14450 14615 5
14451 14615 5
14452 14613 5
14453 14613 5
14454 14613 5
14455 14613 5
14456 14613 5
14457 14610 5
14458 14610 5
14459 14610 5
14460 14616 5
14461 14616 5
14462 14616 5
14463 14616 5
14464 14616 5
14465 14616 5
14466 14614 5
14467 14616 5
14468 14614 5
14469 14609 5
14470 14609 5
14471 14609 5
14472 14609 5
14473 14609 5
14474 14612 5
14475 14614 5
14476 14601 5
14477 14601 5
14478 14601 5
14479 14609 5
14480 14609 5
14481 14601 5
14482 14601 5
14483 14601 5
14484 14601 5
14485 14601 5
14486 14601 5
14487 14601 5
14488 14601 5
14489 14610 5
14490 14610 5
14491 14610 5
14492 14610 5
14493 14610 5
14494 14601 5
14495 14601 5
14496 14601 5
14497 14601 5
14498 14601 5
14499 14601 5
14500 14601 5
14501 14601 5
14502 14601 5
14503 14601 5
14508 14601 5
14509 14604 5
14510 14612 5
14511 14612 5
14512 14612 5
14513 14612 5
14514 14612 5
14515 14612 5
14516 14612 5
14517 14612 5
14518 14614 5
14519 14614 5
14520 14614 5
14521 14614 5
14522 14614 5
14523 14614 5
14524 14616 5
14525 14616 5
14526 14616 5
14527 14616 5
14528 14616 5
14529 14616 5
14530 14616 5
14531 14616 5
14532 14616 5
14533 14616 5
14534 14616 5
14535 14616 5
14536 14616 5
14537 14616 5
14538 14616 5
14539 14616 5
14540 14616 5
14541 14616 5
14542 14616 5
14543 14609 5
14544 14609 5
14545 14609 5
14546 14609 5
14547 14609 5
14548 14609 5
14549 14609 5
14550 14609 5
14551 14609 5
14552 14609 5
14553 14609 5
14554 14609 5
14555 14609 5
14556 14609 5
14557 14604 5
14558 14604 5
14559 14604 5
14560 14604 5
14561 14604 5
14562 14615 5
14563 14605 5
14564 14605 5
14565 14605 5
14566 14605 5
14567 14605 5
14568 14602 5
14569 14602 5
14570 14603 5
14571 14611 5
14572 14611 5
14573 14611 5
14574 14611 5
14575 14611 5
14576 14606 5
14577 14608 5
14578 14616 5
14579 14616 5
14580 14616 5
14581 14616 5
14582 14616 5
14583 14616 5
14584 14616 5
14585 14614 5
14586 14614 5
14587 14614 5
14588 14614 5
14589 14609 5
14590 14609 5
14591 14609 5
14592 14609 5
14593 14604 5
14594 14610 5
14595 14609 5
14596 14614 5
14597 14613 5
14598 14610 5
14599 14610 5
14600 14610 5
