132 1 6
133 1 6
125 1 6
184 1 6
183 1 6
185 1 6
132 3 6
133 3 6
125 3 6
184 3 6
183 3 6
185 3 6
132 4 6
133 4 6
125 4 6
184 4 6
183 4 6
185 4 6
132 5 6
133 5 6
125 5 6
184 5 6
183 5 6
185 5 6
9 8 6
204 8 6
205 8 6
4 8 6
5 8 6
11 8 6
13 8 6
255 8 6
267 8 6
188 8 6
132 9 6
13 9 6
13 11 6
211 11 6
307 11 6
306 11 6
186 13 6
307 13 6
207 13 6
178 13 6
171 13 6
154 13 6
173 13 6
175 13 6
200 13 6
199 13 6
174 13 6
179 13 6
201 13 6
202 13 6
252 13 6
251 13 6
246 13 6
189 13 6
254 13 6
245 13 6
260 13 6
248 13 6
213 13 6
163 13 6
164 13 6
165 13 6
166 13 6
204 13 6
205 13 6
206 13 6
239 13 6
240 13 6
306 13 6
221 13 6
217 13 6
267 13 6
255 13 6
188 13 6
248 14 6
251 14 6
254 14 6
245 14 6
171 14 6
186 14 6
188 14 6
307 14 6
260 14 6
252 14 6
246 14 6
189 14 6
213 14 6
283 14 6
284 14 6
286 14 6
287 14 6
289 14 6
290 14 6
291 14 6
292 14 6
293 14 6
239 14 6
240 14 6
294 14 6
178 14 6
296 14 6
193 14 6
132 17 6
133 17 6
125 17 6
184 17 6
183 17 6
185 17 6
307 17 6
132 18 6
133 18 6
125 18 6
184 18 6
183 18 6
185 18 6
132 19 6
133 19 6
125 19 6
184 19 6
183 19 6
185 19 6
132 20 6
133 20 6
125 20 6
184 20 6
183 20 6
185 20 6
132 21 6
133 21 6
125 21 6
184 21 6
183 21 6
185 21 6
132 22 6
125 23 6
126 23 6
131 23 6
136 23 6
134 23 6
312 23 6
314 23 6
310 23 6
315 23 6
183 23 6
184 23 6
185 23 6
132 24 6
133 24 6
125 24 6
184 24 6
183 24 6
185 24 6
132 26 6
133 26 6
125 26 6
184 26 6
183 26 6
185 26 6
307 26 6
132 27 6
186 28 6
307 28 6
207 28 6
178 28 6
17 28 6
171 28 6
154 28 6
173 28 6
175 28 6
200 28 6
199 28 6
174 28 6
179 28 6
201 28 6
202 28 6
252 28 6
251 28 6
246 28 6
189 28 6
254 28 6
245 28 6
260 28 6
248 28 6
240 28 6
239 28 6
213 28 6
163 28 6
164 28 6
165 28 6
166 28 6
204 28 6
205 28 6
206 28 6
132 28 6
306 28 6
36 28 6
231 28 6
187 28 6
232 28 6
188 28 6
233 28 6
255 28 6
237 28 6
241 28 6
267 28 6
217 28 6
248 29 6
260 29 6
251 29 6
254 29 6
245 29 6
171 29 6
186 29 6
188 29 6
240 29 6
239 29 6
307 29 6
186 33 6
267 33 6
255 33 6
231 33 6
307 33 6
207 33 6
178 33 6
171 33 6
173 33 6
175 33 6
200 33 6
199 33 6
174 33 6
179 33 6
201 33 6
202 33 6
252 33 6
251 33 6
246 33 6
189 33 6
254 33 6
245 33 6
260 33 6
248 33 6
240 33 6
239 33 6
213 33 6
163 33 6
164 33 6
165 33 6
166 33 6
204 33 6
205 33 6
206 33 6
228 33 6
162 33 6
36 33 6
291 33 6
293 33 6
292 33 6
296 33 6
17 34 6
28 34 6
204 34 6
36 34 6
28 44 6
38 44 6
48 50 6
52 51 6
53 52 6
57 52 6
83 52 6
53 54 6
57 54 6
52 54 6
83 54 6
53 55 6
57 55 6
70 55 6
71 55 6
57 56 6
55 56 6
49 56 6
68 57 6
70 57 6
66 57 6
53 57 6
61 59 6
66 68 6
72 68 6
71 68 6
78 68 6
67 69 6
78 69 6
66 70 6
72 70 6
71 70 6
78 70 6
66 71 6
72 71 6
78 71 6
66 72 6
78 72 6
79 81 6
80 81 6
82 83 6
66 84 6
72 84 6
48 85 6
49 85 6
153 87 6
171 87 6
174 87 6
179 87 6
181 87 6
215 88 6
205 99 6
205 100 6
94 102 6
95 102 6
96 102 6
97 102 6
98 102 6
99 102 6
100 102 6
101 102 6
205 102 6
94 103 6
95 103 6
96 103 6
97 103 6
98 103 6
99 103 6
100 103 6
101 103 6
104 103 6
105 103 6
107 103 6
94 104 6
95 104 6
96 104 6
97 104 6
98 104 6
99 104 6
100 104 6
101 104 6
105 104 6
107 104 6
94 105 6
95 105 6
96 105 6
97 105 6
98 105 6
99 105 6
100 105 6
101 105 6
94 106 6
95 106 6
96 106 6
97 106 6
98 106 6
99 106 6
100 106 6
101 106 6
103 106 6
104 106 6
105 106 6
107 106 6
109 106 6
94 109 6
95 109 6
96 109 6
97 109 6
98 109 6
99 109 6
100 109 6
101 109 6
103 109 6
104 109 6
105 109 6
107 109 6
94 113 6
95 113 6
96 113 6
97 113 6
98 113 6
99 113 6
100 113 6
101 113 6
103 113 6
104 113 6
105 113 6
106 113 6
107 113 6
108 113 6
109 113 6
94 114 6
95 114 6
96 114 6
97 114 6
98 114 6
99 114 6
100 114 6
101 114 6
103 114 6
104 114 6
105 114 6
106 114 6
107 114 6
108 114 6
109 114 6
94 116 6
95 116 6
96 116 6
97 116 6
98 116 6
99 116 6
100 116 6
101 116 6
102 116 6
103 116 6
104 116 6
105 116 6
106 116 6
107 116 6
108 116 6
109 116 6
110 116 6
111 116 6
112 116 6
113 116 6
114 116 6
115 116 6
118 116 6
94 117 6
95 117 6
96 117 6
97 117 6
98 117 6
99 117 6
100 117 6
101 117 6
102 117 6
103 117 6
104 117 6
105 117 6
106 117 6
107 117 6
108 117 6
109 117 6
110 117 6
111 117 6
112 117 6
113 117 6
114 117 6
115 117 6
94 118 6
95 118 6
96 118 6
97 118 6
98 118 6
99 118 6
100 118 6
101 118 6
102 118 6
103 118 6
104 118 6
105 118 6
106 118 6
107 118 6
108 118 6
109 118 6
110 118 6
111 118 6
112 118 6
113 118 6
114 118 6
115 118 6
94 120 6
95 120 6
96 120 6
97 120 6
98 120 6
100 120 6
101 120 6
94 121 6
95 121 6
96 121 6
97 121 6
98 121 6
100 121 6
101 121 6
120 121 6
99 122 6
100 122 6
99 123 6
100 123 6
183 125 6
184 125 6
185 125 6
226 125 6
227 125 6
125 127 6
126 127 6
131 127 6
136 127 6
134 127 6
312 127 6
314 127 6
310 127 6
315 127 6
94 130 6
95 130 6
96 130 6
97 130 6
98 130 6
99 130 6
100 130 6
101 130 6
125 130 6
126 130 6
131 130 6
136 130 6
134 130 6
312 130 6
314 130 6
310 130 6
315 130 6
120 130 6
121 130 6
122 130 6
123 130 6
128 130 6
129 130 6
135 130 6
137 130 6
140 130 6
183 130 6
184 130 6
185 130 6
125 131 6
183 131 6
184 131 6
185 131 6
310 131 6
226 131 6
227 131 6
94 132 6
95 132 6
96 132 6
97 132 6
98 132 6
99 132 6
100 132 6
101 132 6
125 132 6
126 132 6
131 132 6
136 132 6
134 132 6
312 132 6
314 132 6
310 132 6
315 132 6
120 132 6
121 132 6
122 132 6
123 132 6
128 132 6
129 132 6
145 132 6
135 132 6
183 132 6
184 132 6
185 132 6
226 132 6
227 132 6
94 133 6
95 133 6
96 133 6
97 133 6
98 133 6
99 133 6
100 133 6
101 133 6
125 133 6
126 133 6
131 133 6
136 133 6
134 133 6
312 133 6
314 133 6
310 133 6
315 133 6
120 133 6
121 133 6
122 133 6
123 133 6
132 133 6
183 133 6
184 133 6
185 133 6
125 134 6
126 134 6
140 134 6
312 134 6
314 134 6
315 134 6
310 134 6
131 134 6
136 134 6
128 134 6
129 134 6
135 134 6
183 134 6
184 134 6
185 134 6
94 138 6
95 138 6
96 138 6
97 138 6
98 138 6
99 138 6
100 138 6
101 138 6
125 138 6
126 138 6
131 138 6
136 138 6
134 138 6
312 138 6
314 138 6
310 138 6
315 138 6
120 138 6
121 138 6
122 138 6
123 138 6
125 139 6
126 139 6
131 139 6
136 139 6
134 139 6
312 139 6
314 139 6
310 139 6
315 139 6
120 139 6
121 139 6
122 139 6
123 139 6
183 139 6
184 139 6
185 139 6
94 140 6
95 140 6
96 140 6
97 140 6
98 140 6
99 140 6
100 140 6
101 140 6
125 140 6
126 140 6
131 140 6
136 140 6
134 140 6
312 140 6
314 140 6
310 140 6
315 140 6
128 140 6
129 140 6
135 140 6
120 140 6
121 140 6
122 140 6
123 140 6
137 140 6
183 140 6
184 140 6
185 140 6
94 141 6
95 141 6
96 141 6
97 141 6
98 141 6
99 141 6
100 141 6
101 141 6
125 141 6
126 141 6
131 141 6
136 141 6
134 141 6
312 141 6
314 141 6
310 141 6
315 141 6
120 141 6
121 141 6
122 141 6
123 141 6
128 141 6
129 141 6
135 141 6
137 141 6
140 141 6
183 141 6
184 141 6
185 141 6
226 141 6
227 141 6
94 144 6
95 144 6
96 144 6
97 144 6
98 144 6
99 144 6
100 144 6
101 144 6
125 144 6
126 144 6
131 144 6
136 144 6
134 144 6
312 144 6
314 144 6
310 144 6
315 144 6
120 144 6
121 144 6
122 144 6
123 144 6
128 144 6
129 144 6
135 144 6
137 144 6
140 144 6
183 144 6
184 144 6
185 144 6
94 147 6
95 147 6
96 147 6
97 147 6
98 147 6
99 147 6
100 147 6
101 147 6
125 147 6
126 147 6
131 147 6
132 147 6
136 147 6
134 147 6
312 147 6
314 147 6
310 147 6
315 147 6
120 147 6
121 147 6
122 147 6
123 147 6
128 147 6
129 147 6
145 147 6
135 147 6
137 147 6
140 147 6
183 147 6
184 147 6
185 147 6
125 151 6
126 151 6
131 151 6
136 151 6
134 151 6
312 151 6
314 151 6
310 151 6
315 151 6
125 152 6
126 152 6
131 152 6
136 152 6
134 152 6
312 152 6
314 152 6
310 152 6
315 152 6
120 152 6
121 152 6
122 152 6
123 152 6
147 152 6
148 152 6
183 152 6
184 152 6
185 152 6
179 153 6
181 153 6
171 153 6
174 153 6
157 154 6
158 154 6
171 154 6
68 154 6
174 154 6
171 155 6
181 155 6
159 156 6
52 156 6
171 156 6
157 158 6
53 159 6
57 159 6
53 160 6
57 160 6
166 163 6
189 163 6
249 163 6
249 166 6
170 167 6
189 167 6
249 167 6
249 170 6
154 171 6
156 171 6
159 171 6
156 173 6
154 173 6
181 174 6
171 175 6
172 175 6
173 175 6
174 175 6
177 175 6
179 175 6
181 175 6
226 175 6
227 175 6
228 175 6
229 175 6
193 175 6
174 179 6
181 179 6
154 179 6
157 179 6
158 179 6
171 179 6
52 180 6
154 180 6
156 180 6
157 180 6
158 180 6
159 180 6
171 180 6
174 180 6
175 180 6
179 180 6
181 180 6
199 180 6
205 180 6
211 180 6
314 182 6
153 182 6
187 188 6
213 188 6
228 188 6
193 188 6
186 188 6
191 188 6
171 188 6
239 188 6
53 189 6
54 189 6
154 189 6
156 189 6
171 189 6
173 189 6
174 189 6
175 189 6
179 189 6
181 189 6
186 189 6
231 189 6
187 189 6
232 189 6
188 189 6
233 189 6
191 189 6
221 189 6
199 189 6
255 189 6
237 189 6
238 189 6
239 189 6
241 189 6
240 189 6
251 189 6
180 189 6
267 189 6
317 189 6
318 189 6
320 189 6
319 189 6
329 189 6
332 189 6
182 189 6
186 192 6
231 192 6
171 192 6
187 192 6
232 192 6
188 192 6
233 192 6
191 192 6
237 192 6
239 192 6
241 192 6
213 192 6
215 192 6
226 193 6
227 193 6
228 193 6
171 193 6
229 193 6
177 194 6
177 198 6
202 200 6
201 200 6
142 200 6
129 205 6
94 205 6
206 205 6
126 205 6
138 205 6
125 205 6
184 205 6
183 205 6
185 205 6
167 205 6
170 205 6
169 205 6
168 205 6
171 205 6
100 205 6
128 205 6
228 205 6
211 205 6
223 205 6
183 206 6
184 206 6
185 206 6
125 206 6
126 206 6
128 206 6
129 206 6
171 207 6
155 207 6
207 208 6
155 208 6
171 208 6
125 209 6
168 209 6
169 209 6
167 209 6
170 209 6
94 209 6
100 209 6
126 209 6
128 209 6
129 209 6
134 209 6
312 209 6
314 209 6
310 209 6
315 209 6
205 209 6
206 209 6
226 211 6
227 211 6
228 211 6
229 211 6
193 211 6
198 222 6
173 222 6
171 226 6
226 228 6
227 228 6
171 228 6
193 228 6
229 228 6
171 231 6
231 233 6
232 233 6
213 233 6
228 233 6
193 233 6
191 233 6
171 233 6
241 233 6
237 239 6
238 239 6
240 239 6
226 239 6
227 239 6
228 239 6
229 239 6
193 239 6
188 239 6
187 239 6
251 240 6
237 241 6
240 241 6
238 241 6
233 241 6
251 242 6
254 242 6
261 242 6
271 242 6
251 243 6
249 243 6
243 244 6
251 244 6
249 244 6
72 246 6
71 246 6
78 246 6
68 246 6
49 246 6
254 251 6
239 254 6
241 254 6
188 254 6
233 254 6
249 256 6
250 256 6
215 256 6
53 261 6
57 261 6
246 264 6
251 264 6
249 265 6
125 268 6
209 268 6
314 268 6
251 269 6
209 270 6
53 271 6
57 271 6
286 283 6
292 286 6
188 286 6
283 287 6
49 287 6
295 287 6
283 293 6
209 310 6
209 313 6
315 313 6
209 314 6
315 314 6
125 315 6
317 319 6
318 319 6
320 319 6
226 319 6
227 319 6
228 319 6
229 319 6
193 319 6
188 319 6
187 319 6
326 322 6
319 326 6
241 326 6
188 326 6
233 326 6
53 327 6
57 327 6
154 331 6
156 331 6
171 331 6
173 331 6
174 331 6
175 331 6
179 331 6
181 331 6
186 331 6
231 331 6
187 331 6
232 331 6
188 331 6
233 331 6
191 331 6
221 331 6
199 331 6
255 331 6
237 331 6
238 331 6
239 331 6
240 331 6
180 331 6
267 331 6
317 331 6
318 331 6
320 331 6
319 331 6
329 331 6
332 331 6
