11366 11367 7
11367 11368 7
11368 11369 7
11368 11370 7
11368 11371 7
11368 11372 7
11368 11373 7
11367 11374 7
11367 11375 7
11375 11376 7
11376 11377 7
11376 11378 7
11375 11379 7
11379 11380 7
11379 11381 7
11379 11382 7
11379 11383 7
11379 11384 7
11367 11385 7
11385 11386 7
11385 11387 7
11385 11388 7
11385 11389 7
11366 11390 7
11390 11391 7
11391 11392 7
11391 11393 7
11391 11394 7
11391 11395 7
11391 11396 7
11391 11397 7
11391 11398 7
11391 11399 7
11391 11400 7
11391 11401 7
11391 11402 7
11391 11403 7
11403 11404 7
11403 11405 7
11403 11406 7
11391 11407 7
11391 11408 7
11391 11409 7
11391 11410 7
11391 11411 7
11391 11412 7
11391 11413 7
11391 11414 7
11391 11415 7
11391 11416 7
11391 11417 7
11391 11418 7
11391 11419 7
11391 11420 7
11391 11421 7
11421 11422 7
11391 11423 7
11390 11424 7
11424 11425 7
11424 11426 7
11424 11427 7
11424 11428 7
11424 11429 7
11424 11430 7
11424 11431 7
11424 11432 7
11424 11433 7
11424 11434 7
11424 11435 7
11424 11436 7
11424 11437 7
11424 11438 7
11424 11439 7
11424 11440 7
11424 11441 7
11424 11442 7
11424 11443 7
11424 11444 7
11424 11445 7
11424 11446 7
11424 11447 7
11424 11448 7
11424 11449 7
11424 11450 7
11424 11451 7
11390 11452 7
11452 11453 7
11453 11454 7
11453 11455 7
11453 11456 7
11453 11457 7
11453 11458 7
11452 11459 7
11452 11460 7
11452 11461 7
11452 11462 7
11452 11463 7
11452 11464 7
11452 11465 7
11465 11466 7
11465 11467 7
11465 11468 7
11366 11469 7
11469 11470 7
11470 11471 7
11470 11472 7
11469 11473 7
11366 11474 7
11474 11475 7
11475 11476 7
11476 11477 7
11476 11478 7
11476 11479 7
11476 11480 7
11475 11481 7
11481 11482 7
11481 11483 7
11481 11484 7
11481 11485 7
11481 11486 7
11475 11487 7
11487 11488 7
11487 11489 7
11487 11490 7
11487 11491 7
11487 11492 7
11487 11493 7
11487 11494 7
11487 11495 7
11487 11496 7
11475 11497 7
11497 11498 7
11497 11499 7
11497 11500 7
11497 11501 7
11497 11502 7
11497 11503 7
11475 11504 7
11504 11505 7
11504 11506 7
11504 11507 7
11475 11508 7
11508 11509 7
11508 11510 7
11508 11511 7
11508 11477 7
11508 11513 7
11508 11514 7
11508 11515 7
11475 11516 7
11516 11517 7
11516 11518 7
11516 11519 7
11516 11520 7
11516 11521 7
11516 11522 7
11516 11523 7
11516 11524 7
11475 11525 7
11525 11526 7
11474 11527 7
11527 11528 7
11527 11529 7
11529 11530 7
11529 11531 7
11529 11532 7
11529 11533 7
11529 11534 7
11529 11535 7
11535 11536 7
11535 11537 7
11535 11538 7
11535 11539 7
11535 11540 7
11535 11541 7
11535 11542 7
11535 11543 7
11535 11544 7
11535 11545 7
11535 11546 7
11535 11547 7
11535 11548 7
11535 11549 7
11535 11550 7
11535 11551 7
11535 11552 7
11535 11553 7
11535 11554 7
11652 11555 7
11555 11556 7
11527 11557 7
11557 11558 7
11557 11559 7
11527 11560 7
11527 11561 7
11527 11562 7
11562 11563 7
11562 11564 7
11527 11565 7
11565 11566 7
11474 11567 7
11567 11568 7
11567 11569 7
11567 11570 7
11567 11571 7
11366 11572 7
11572 11573 7
11573 11574 7
11573 11575 7
11573 11576 7
11573 11577 7
11573 11578 7
11573 11579 7
11573 11580 7
11573 11581 7
11573 11582 7
11572 11583 7
11583 11584 7
11583 11585 7
11583 11586 7
11583 11587 7
11583 11588 7
11583 11589 7
11583 11590 7
11583 11591 7
11583 11592 7
11583 11593 7
11583 11594 7
11583 11595 7
11583 11596 7
11649 11597 7
11583 11598 7
11583 11599 7
11583 11600 7
11583 11601 7
11583 11602 7
11583 11603 7
11583 11604 7
11583 11605 7
11583 11606 7
11583 11607 7
11583 11608 7
11583 11609 7
11583 11610 7
11583 11611 7
11583 11612 7
11583 11613 7
11583 11614 7
11583 11615 7
11583 11616 7
11583 11617 7
11583 11618 7
11583 11619 7
11572 11620 7
11620 11621 7
11620 11622 7
11620 11623 7
11620 11624 7
11651 11625 7
11651 11626 7
11572 11627 7
11627 11628 7
11627 11629 7
11627 11630 7
11627 11631 7
11627 11632 7
11627 11633 7
11572 11634 7
11634 11635 7
11634 11636 7
11572 11637 7
11637 11638 7
11637 11639 7
11637 11640 7
11637 11641 7
11366 11642 7
11642 11643 7
11643 11644 7
11643 11645 7
11642 11646 7
11658 11647 7
11656 11648 7
11660 11662 7
11662 11663 7
11663 11664 7
11663 11665 7
11663 11666 7
11663 11667 7
11663 11668 7
11663 11669 7
11663 11670 7
11663 11671 7
11663 11672 7
11663 11673 7
11663 11674 7
11663 11675 7
11663 11676 7
11663 11677 7
11663 11678 7
11662 11679 7
11679 11680 7
11679 11681 7
11679 11682 7
11679 11683 7
11679 11684 7
11679 11685 7
11844 11686 7
11686 11687 7
11686 11688 7
11686 11689 7
11686 11690 7
11686 11691 7
11686 11692 7
11686 11693 7
11686 11694 7
11686 11695 7
11686 11696 7
11843 11697 7
11686 11698 7
11686 11699 7
11686 11700 7
11686 11701 7
11686 11702 7
11686 11703 7
11686 11704 7
11686 11705 7
11686 11706 7
11686 11707 7
11686 11708 7
11686 11709 7
11686 11710 7
11686 11711 7
11686 11712 7
11686 11713 7
11844 11714 7
11714 11715 7
11714 11716 7
11714 11717 7
11714 11718 7
11714 11719 7
11844 11720 7
11720 11721 7
11720 11722 7
11720 11723 7
11720 11724 7
11720 11725 7
11844 11726 7
11726 11727 7
11726 11728 7
11841 11729 7
11660 11730 7
11730 11731 7
11731 11732 7
11730 11733 7
11730 11734 7
11734 11735 7
11735 11736 7
11735 11737 7
11735 11738 7
11735 11739 7
11735 11740 7
11730 11741 7
11741 11742 7
11741 11743 7
11741 11744 7
11741 11745 7
11741 11746 7
11660 11747 7
11747 11748 7
11748 11749 7
11748 11750 7
11748 11751 7
11748 11752 7
11748 11753 7
11747 11754 7
11754 11755 7
11754 11756 7
11754 11757 7
11747 11758 7
11848 11759 7
11845 11760 7
11660 11761 7
11761 11762 7
11762 11763 7
11762 11764 7
11762 11765 7
11762 11766 7
11761 11767 7
11853 11768 7
11849 11769 7
11849 11770 7
11770 11771 7
11770 11772 7
11770 11773 7
11773 11774 7
11773 11775 7
11773 11776 7
11773 11777 7
11773 11778 7
11850 11779 7
11770 11780 7
11849 11781 7
11781 11782 7
11781 11783 7
11783 11784 7
11847 11785 7
11846 11786 7
11846 11787 7
11787 11788 7
11787 11789 7
11787 11790 7
11787 11791 7
11846 11793 7
11793 11794 7
11852 11795 7
11852 11796 7
11793 11797 7
11797 11798 7
11797 11799 7
11797 11800 7
11797 11801 7
11793 11802 7
11842 11775 7
11842 11804 7
11842 11805 7
11793 11806 7
11793 11807 7
11793 11808 7
11793 11809 7
11793 11810 7
11793 11811 7
11846 11812 7
11812 11813 7
11812 11814 7
11812 11815 7
11812 11816 7
11812 11817 7
11812 11818 7
11851 11819 7
11812 11820 7
11846 11821 7
11821 11822 7
11821 11823 7
11821 11824 7
11821 11825 7
11821 11826 7
11821 11827 7
11846 11828 7
11821 11829 7
11821 11830 7
11821 11831 7
11846 11832 7
11846 11833 7
11661 11834 7
11840 11835 7
11661 11836 7
11836 11837 7
11836 11838 7
11836 11839 7
11854 11855 7
11855 11856 7
11856 11857 7
11857 11858 7
11857 11859 7
11857 11860 7
11857 11861 7
11857 11862 7
11857 11863 7
11857 11864 7
11857 11865 7
11857 11866 7
11857 11867 7
11857 11868 7
11857 11869 7
11857 11870 7
11857 11871 7
11857 11872 7
11857 11873 7
11857 11874 7
11857 11875 7
11857 11876 7
11857 11877 7
11857 11878 7
11857 11879 7
11857 11880 7
11857 11881 7
11857 11882 7
11857 11883 7
11856 11884 7
11884 11885 7
11884 11886 7
11884 11887 7
11884 11888 7
11884 11889 7
11884 11890 7
11884 11891 7
11884 11892 7
11884 11893 7
11856 11894 7
11894 11895 7
11894 11896 7
11894 11897 7
11855 11898 7
12052 11899 7
11855 11900 7
11900 11901 7
11900 11902 7
11900 11903 7
11855 11904 7
11904 11905 7
11904 11906 7
11904 11907 7
11855 11908 7
11855 11909 7
11909 11910 7
11909 11911 7
11909 11912 7
11909 11913 7
11855 11914 7
11914 11915 7
11914 11916 7
11914 11917 7
11914 11918 7
11914 11919 7
11855 11920 7
11920 11921 7
11920 11922 7
11855 11923 7
11923 11924 7
11855 11925 7
12055 11926 7
12055 11927 7
11926 11928 7
11926 11929 7
11929 11930 7
11929 11931 7
12055 11932 7
11932 11913 7
11932 11934 7
12055 11935 7
11935 11936 7
11935 11937 7
12055 11938 7
11938 11939 7
11939 11940 7
11939 11941 7
11939 11942 7
11939 11943 7
11939 11944 7
11939 11945 7
12055 11946 7
11946 11947 7
11947 11858 7
11947 11859 7
11947 11950 7
11947 11861 7
11947 11952 7
11947 11863 7
11947 11954 7
11947 11866 7
11947 11867 7
11947 11869 7
11947 11958 7
11947 11959 7
11947 11960 7
11946 11961 7
11961 11962 7
11961 11963 7
11946 11964 7
11964 11965 7
11946 11966 7
11966 11885 7
11966 11886 7
11966 11887 7
11966 11970 7
11966 11889 7
11966 11890 7
11966 11973 7
11966 11974 7
11966 11975 7
11946 11976 7
11976 11977 7
11976 11978 7
11946 11979 7
11979 11980 7
11979 11981 7
11979 11982 7
11979 11983 7
11979 11984 7
11979 11985 7
11979 11986 7
11979 11987 7
11979 11988 7
11946 11989 7
11989 11990 7
11946 11991 7
11991 11992 7
11991 11993 7
11991 11994 7
11991 11995 7
11946 11996 7
12053 11997 7
12049 11998 7
12049 11999 7
12049 12000 7
11999 11858 7
11999 11859 7
11999 11950 7
11999 11861 7
11999 11862 7
11999 11863 7
11999 12007 7
11999 11866 7
11999 11867 7
11999 12010 7
12049 12011 7
12011 11885 7
12011 11886 7
12011 11887 7
12011 11889 7
12011 11890 7
12049 12017 7
12051 12018 7
12051 12019 7
12051 12020 7
12051 12021 7
12051 12022 7
12051 12023 7
12051 12024 7
12055 12025 7
12025 12026 7
12025 12027 7
12055 12028 7
12055 12029 7
12029 12030 7
12029 12031 7
12029 12032 7
12032 12033 7
12032 12034 7
12032 12035 7
12029 12036 7
12036 12037 7
12055 12038 7
12055 12039 7
12039 12040 7
12055 12041 7
12041 12042 7
12041 12043 7
12041 12044 7
12055 12045 7
12045 12046 7
12055 12047 7
12047 12048 7
12056 12057 7
12056 12058 7
12058 12059 7
12056 12060 7
12060 12061 7
12060 12062 7
12062 12063 7
12060 12064 7
12062 12065 7
12065 12066 7
12065 12067 7
12065 12068 7
12065 12069 7
12065 12070 7
12065 12071 7
12065 12072 7
12065 12073 7
12096 12074 7
12065 12075 7
12065 12076 7
12065 12077 7
12096 12078 7
12096 12079 7
12096 12080 7
12096 12081 7
12096 12082 7
12139 12083 7
12083 12084 7
12062 12085 7
12085 12086 7
12062 12087 7
12087 12088 7
12062 12089 7
12062 12090 7
12090 12072 7
12090 12092 7
12094 12094 7
12060 12095 7
12095 12096 7
12096 12066 7
12096 12098 7
12096 12099 7
12096 12100 7
12096 12070 7
12096 12071 7
12060 12103 7
12103 12104 7
12103 12105 7
12060 12106 7
12106 12107 7
12056 12108 7
12108 12109 7
12108 12110 7
12056 12111 7
12111 12112 7
12112 12113 7
12112 12114 7
12112 12115 7
12111 12116 7
12116 12117 7
12056 12118 7
12118 12119 7
12119 12120 7
12119 12121 7
12118 12122 7
12140 12123 7
12141 12096 7
12096 12125 7
12056 12126 7
12126 12127 7
12127 12128 7
12127 12129 7
12127 12130 7
12127 12066 7
12127 12067 7
12126 12133 7
12133 12134 7
12056 12135 7
12135 12136 7
12135 12137 7
