13361 13370 8
13361 13368 8
13361 13371 8
13361 13373 8
13361 13375 8
13361 13435 8
13361 13369 8
13361 13436 8
13363 13416 8
13366 13437 8
13368 13369 8
13369 13422 8
13369 13423 8
13369 13438 8
13369 13439 8
13369 13370 8
13370 13369 8
13370 13441 8
13370 13440 8
13370 13442 8
13370 13435 8
13370 13436 8
13371 13369 8
13371 13436 8
13374 13360 8
13374 13367 8
13374 13368 8
13374 13361 8
13374 13369 8
13374 13370 8
13374 13393 8
13374 13412 8
13374 13371 8
13374 13372 8
13375 13434 8
13375 13383 8
13375 13400 8
13375 13391 8
13375 13409 8
13375 13393 8
13375 13412 8
13375 13447 8
13375 13448 8
13375 13430 8
13375 13431 8
13375 13432 8
13375 13433 8
13375 13451 8
13375 13450 8
13375 13437 8
13375 13436 8
13375 13445 8
13375 13446 8
13375 13443 8
13375 13444 8
13375 13438 8
13380 13375 8
13386 13375 8
13395 13375 8
13396 13375 8
13397 13375 8
13404 13375 8
13415 13375 8
13416 13363 8
13417 13373 8
13418 13370 8
13419 13370 8
13420 13368 8
13420 13369 8
13420 13363 8
13420 13376 8
13421 13375 8
13422 13369 8
13423 13369 8
13423 13375 8
13424 13368 8
13424 13369 8
13424 13363 8
13424 13376 8
13425 13369 8
13426 13369 8
13427 13373 8
13428 13369 8
13429 13375 8
13430 13375 8
13431 13375 8
13432 13375 8
13433 13375 8
13434 13375 8
