14417 1551 9
14417 1547 9
14418 1551 9
14418 3058 9
14418 3080 9
14418 1547 9
14419 1555 9
14419 1544 9
14419 1539 9
14419 1561 9
14419 1560 9
14419 1557 9
14419 1559 9
14419 1540 9
14419 1545 9
14419 1554 9
14419 1543 9
14419 1558 9
14419 1548 9
14419 1562 9
14419 1552 9
14419 1550 9
14420 3076 9
14420 1544 9
14420 3073 9
14420 3061 9
14420 3068 9
14420 1552 9
14420 3075 9
14420 3066 9
14420 3064 9
14420 3067 9
14420 1559 9
14420 1540 9
14420 3077 9
14420 3072 9
14420 1558 9
14420 1548 9
14420 1562 9
14420 3063 9
14420 3078 9
14420 1555 9
14420 1560 9
14420 3074 9
14420 1554 9
14420 1543 9
14420 3062 9
14420 3065 9
14420 1557 9
14420 1539 9
14420 1561 9
14420 3079 9
14420 1545 9
14420 1550 9
14421 1546 9
14421 1541 9
14422 3070 9
14422 1546 9
14422 1541 9
14422 3059 9
14423 1537 9
14423 1536 9
14424 1498 9
14424 1497 9
14424 1492 9
14424 1491 9
14425 3086 9
14425 1491 9
14425 1497 9
14425 3087 9
14425 1492 9
14425 1498 9
14426 2997 9
14426 2990 9
14426 2998 9
14426 2991 9
14427 1544 9
14427 1536 9
14427 1491 9
14427 1497 9
14427 1492 9
14427 1498 9
14427 1552 9
14427 1559 9
14427 1540 9
14427 1558 9
14427 1548 9
14427 1562 9
14427 1537 9
14427 1555 9
14427 1560 9
14427 1554 9
14427 1543 9
14427 1557 9
14427 1539 9
14427 1561 9
14427 1545 9
14427 1550 9
14428 3076 9
14428 1544 9
14428 1536 9
14428 1491 9
14428 3073 9
14428 1497 9
14428 3061 9
14428 3068 9
14428 1492 9
14428 1498 9
14428 1552 9
14428 3075 9
14428 3066 9
14428 3064 9
14428 3067 9
14428 1559 9
14428 1540 9
14428 3077 9
14428 3072 9
14428 1558 9
14428 1548 9
14428 1562 9
14428 3063 9
14428 1537 9
14428 3078 9
14428 1555 9
14428 1560 9
14428 3086 9
14428 3074 9
14428 1554 9
14428 1543 9
14428 3062 9
14428 3065 9
14428 1557 9
14428 1539 9
14428 1561 9
14428 3079 9
14428 1545 9
14428 3087 9
14428 1550 9
14429 1607 9
14429 1608 9
14430 3085 9
14430 3084 9
14430 1607 9
14430 1608 9
14431 3003 9
14431 3004 9
14432 1422 9
14432 1412 9
14432 1414 9
14432 1416 9
14432 1413 9
14432 1420 9
14433 1432 9
14433 1433 9
14433 1434 9
14433 1438 9
14433 1437 9
14433 1439 9
14434 1403 9
14434 1401 9
14434 1399 9
14434 1406 9
14434 1405 9
14434 1404 9
14435 1652 9
14435 1650 9
14436 1656 9
14436 1655 9
14437 1530 9
14437 1531 9
14438 1593 9
14438 1592 9
14439 1509 9
14439 1547 9
14440 618 9
14440 607 9
14440 617 9
14441 620 9
14441 609 9
14441 619 9
14442 612 9
14442 611 9
14443 613 9
14443 614 9
14446 687 9
14446 692 9
14447 688 9
14447 691 9
14448 10330 9
14449 10329 9
14451 1198 9
14452 607 9
14453 609 9
14454 463 9
14455 464 9
14457 935 9
14457 943 9
14457 946 9
14457 929 9
14457 932 9
14457 956 9
14457 918 9
14457 961 9
14457 947 9
14457 949 9
14457 942 9
14457 916 9
14457 922 9
14457 958 9
14457 930 9
14457 941 9
14457 925 9
14457 934 9
14457 951 9
14457 945 9
14457 924 9
14457 928 9
14457 939 9
14457 927 9
14457 920 9
14457 944 9
14457 937 9
14457 955 9
14457 940 9
14457 926 9
14457 963 9
14457 957 9
14457 921 9
14457 953 9
14457 936 9
14457 954 9
14457 960 9
14457 948 9
14457 919 9
14457 952 9
14457 933 9
14457 959 9
14457 917 9
14457 938 9
14457 962 9
14457 923 9
14457 950 9
14457 931 9
14458 965 9
14460 1058 9
14460 1059 9
14461 1063 9
14461 1062 9
14462 1110 9
14462 1109 9
14463 1060 9
14463 1061 9
14464 1108 9
14464 1107 9
14465 1064 9
14465 1074 9
14466 1072 9
14466 1064 9
14466 1074 9
14466 1088 9
14467 1067 9
14467 1066 9
14468 1068 9
14468 1069 9
14469 14469 9
14470 14470 9
14471 14471 9
14472 14472 9
14473 14473 9
14496 1487 9
14496 1486 9
14497 1483 9
14497 1484 9
14498 1485 9
14498 1482 9
14499 1483 9
14499 1484 9
14499 1485 9
14499 1482 9
14500 791 9
14500 766 9
14500 767 9
14500 772 9
14500 770 9
14500 790 9
14500 768 9
14500 771 9
14500 773 9
14500 769 9
14501 784 9
14501 785 9
14501 781 9
14501 780 9
14501 783 9
14501 778 9
14501 782 9
14501 779 9
14502 766 9
14502 767 9
14502 792 9
14502 790 9
14502 777 9
14502 774 9
14502 775 9
14502 768 9
14502 776 9
14502 769 9
14503 788 9
14503 781 9
14503 780 9
14503 778 9
14503 786 9
14503 779 9
14504 802 9
14504 781 9
14504 780 9
14504 778 9
14504 779 9
14505 784 9
14505 785 9
14505 781 9
14505 803 9
14505 780 9
14505 783 9
14505 778 9
14505 782 9
14505 779 9
14506 804 9
14506 784 9
14506 785 9
14506 781 9
14506 780 9
14506 783 9
14506 778 9
14506 782 9
14506 779 9
14507 805 9
14507 784 9
14507 785 9
14507 781 9
14507 780 9
14507 783 9
14507 778 9
14507 782 9
14507 779 9
14508 766 9
14508 767 9
14508 792 9
14508 790 9
14508 777 9
14508 774 9
14508 775 9
14508 768 9
14508 776 9
14508 769 9
14509 697 9
14509 696 9
14510 3316 9
14510 3317 9
14511 3344 9
14511 3328 9
14511 3321 9
14511 3320 9
14511 3325 9
14511 3319 9
14511 3323 9
14511 3326 9
14511 3345 9
14511 3324 9
14511 3330 9
14511 3329 9
14512 3327 9
14512 3322 9
14513 3390 9
14513 3389 9
14514 3349 9
14514 3350 9
14514 3725 9
14515 3367 9
14515 3368 9
14515 3724 9
14516 3344 9
14516 3328 9
14516 3321 9
14516 3724 9
14516 3320 9
14516 3325 9
14516 3319 9
14516 3389 9
14516 3323 9
14516 3390 9
14516 3326 9
14516 3368 9
14516 3345 9
14516 3367 9
14516 3324 9
14516 3330 9
14516 3329 9
14517 9669 9
14517 9673 9
14518 3462 9
14518 3461 9
14518 3620 9
14519 3629 9
14519 3498 9
14519 3497 9
14520 3497 9
14520 4096 9
14521 3461 9
14521 4097 9
14522 9688 9
14522 9689 9
14523 9238 9
14523 14586 9
14524 5966 9
14524 5965 9
14524 5959 9
14524 5960 9
14525 6024 9
14525 6015 9
14525 6018 9
14525 6027 9
14526 5963 9
14526 5962 9
14526 5968 9
14526 5969 9
14527 6028 9
14527 6016 9
14527 6025 9
14527 6019 9
14528 5995 9
14528 5998 9
14528 5996 9
14528 5999 9
14529 6026 9
14529 6017 9
14529 6029 9
14529 6020 9
14530 6145 9
14530 6142 9
14530 6144 9
14530 6141 9
14531 5727 9
14531 5726 9
14532 5730 9
14532 5729 9
14533 5733 9
14533 5732 9
14534 5745 9
14534 5744 9
14535 5776 9
14535 5775 9
14536 5779 9
14536 5778 9
14537 5819 9
14537 5756 9
14537 5757 9
14538 5759 9
14538 5760 9
14538 5820 9
14539 5762 9
14539 5821 9
14539 5763 9
14540 9814 9
14540 9812 9
14541 9813 9
14541 9815 9
14542 9240 9
14542 9241 9
14543 4071 9
14543 4055 9
14543 4061 9
14544 4082 9
14544 4053 9
14544 4081 9
14547 4055 9
14547 4059 9
14548 4060 9
14548 4053 9
14549 6479 9
14549 6480 9
14550 6422 9
14550 6421 9
14551 6481 9
14551 6482 9
14552 6440 9
14552 6439 9
14553 9852 9
14553 9847 9
14553 9851 9
14553 9848 9
14554 9858 9
14554 9853 9
14554 9854 9
14554 9857 9
14555 9248 9
14556 9249 9
14556 9250 9
14557 5134 9
14557 5146 9
14558 5147 9
14558 5133 9
14559 5147 9
14559 5150 9
14560 9243 9
14560 5146 9
14561 9242 9
14561 5147 9
14562 3794 9
14563 4322 9
14564 4055 9
14565 4053 9
14566 5501 9
14567 5502 9
14568 9389 9
14568 10227 9
14568 9381 9
14568 9758 9
14569 9744 9
14569 9737 9
14570 9333 9
14570 9325 9
14570 9768 9
14570 9767 9
14570 9336 9
14570 9322 9
14571 9634 9
14571 9635 9
14572 9455 9
14572 9461 9
14573 9470 9
14573 9464 9
14574 9649 9
14574 9634 9
14574 9650 9
14574 9635 9
14575 9651 9
14575 9652 9
14576 9608 9
14577 9216 9
14577 9217 9
14578 5959 9
14578 5995 9
14578 5996 9
14578 5960 9
14578 5963 9
14578 5962 9
14579 5965 9
14579 5999 9
14579 5969 9
14579 5966 9
14579 5968 9
14579 5998 9
14580 9226 9
14580 9227 9
14581 9219 9
14581 9218 9
14582 9230 9
14582 9229 9
14583 9231 9
14583 9232 9
14584 9234 9
14584 9233 9
14585 3498 9
14585 3497 9
14586 14586 9
14587 4263 9
14587 3317 9
14588 9221 9
14588 9217 9
14589 14589 9
14590 14590 9
14591 14591 9
14592 14592 9
14597 6669 9
14597 6668 9
