20854 13370 10
20855 13368 10
20856 13371 10
20857 13373 10
20858 13375 10
20859 13435 10
20860 13369 10
20861 13436 10
20862 13416 10
20863 13437 10
20864 13422 10
20865 13423 10
20866 13438 10
20867 13439 10
20868 13370 10
20869 13370 10
20870 13441 10
20871 13440 10
20872 13442 10
20873 13369 10
20874 13360 10
20875 13367 10
20876 13368 10
20877 13361 10
20878 13370 10
20879 13393 10
20880 13412 10
20881 13371 10
20882 13372 10
20883 13434 10
20884 13383 10
20885 13400 10
20886 13391 10
20887 13409 10
20888 13447 10
20889 13448 10
20890 13430 10
20891 13431 10
20892 13432 10
20893 13433 10
20894 13451 10
20895 13450 10
20896 13437 10
20897 13436 10
20898 13445 10
20899 13446 10
20900 13443 10
20901 13444 10
20902 13437 10
20903 13437 10
20904 13375 10
20905 13363 10
20906 13373 10
20907 13368 10
20908 13376 10
20909 13373 10
20910 13375 10
21067 13372 10
21068 13449 10
21069 13360 10
21070 13382 10
21071 13399 10
21072 13387 10
21072 13372 10
21073 13405 10
21073 13372 10
21074 13368 10
21074 13372 10
21075 13401 10
21076 13384 10
21077 13369 10
21078 13361 10
21079 13370 10
21080 13371 10
