19439 18959 12
19440 18768 12
19441 18706 12
19442 18520 12
19443 18703 12
19444 19409 12
19445 18849 12
19446 19171 12
19447 18778 12
19448 18629 12
19449 18667 12
19450 18632 12
19451 19007 12
19452 18654 12
19453 18661 12
19454 18509 12
19455 18605 12
19456 19049 12
19457 18470 12
19458 19097 12
19459 19008 12
19460 19414 12
19461 18605 12
19462 19057 12
19463 18782 12
19464 18711 12
19465 18659 12
19466 18936 12
19467 18874 12
19468 18854 12
19469 18998 12
19470 18522 12
19471 19394 12
19472 18521 12
19473 19209 12
19474 18953 12
19475 19348 12
19476 18640 12
19477 18554 12
19478 19090 12
19479 19261 12
19480 18777 12
19481 18951 12
19482 18964 12
19483 18664 12
19484 18675 12
19485 19426 12
19486 19253 12
19487 18681 12
19488 19350 12
19489 19137 12
19490 18682 12
19491 19295 12
19492 19109 12
19493 18462 12
19494 18564 12
19495 19104 12
19496 19185 12
19497 18770 12
19498 18939 12
19499 18752 12
19500 18795 12
19501 19022 12
19502 18483 12
19503 18739 12
19504 18679 12
19505 18877 12
19506 18591 12
19507 19122 12
19508 19299 12
19509 18526 12
19510 18598 12
19511 18935 12
19512 19028 12
19513 18790 12
19514 18601 12
19515 18479 12
19516 19354 12
19517 19348 12
19518 18823 12
19519 19121 12
19520 19431 12
19521 18572 12
19522 18861 12
19523 19159 12
19524 18767 12
19525 18692 12
19526 19118 12
19527 18647 12
19528 18674 12
19529 18758 12
19530 18634 12
19531 18490 12
19532 18843 12
19533 19119 12
19534 19077 12
19535 18994 12
19536 19229 12
19537 18504 12
19538 18659 12
19539 19100 12
19540 19345 12
19541 18803 12
19542 18705 12
19543 19328 12
19544 19435 12
19545 18527 12
19546 18990 12
19547 18637 12
19548 19053 12
19549 18831 12
19550 19003 12
19551 19257 12
19552 18485 12
19553 19173 12
19554 18796 12
19555 18540 12
19556 19350 12
19557 19302 12
19558 19289 12
19559 19205 12
19560 18758 12
19561 18538 12
19562 18791 12
19563 18734 12
19564 18679 12
19565 19038 12
19566 19250 12
19567 18492 12
19568 19418 12
19569 18987 12
19570 19155 12
19571 19079 12
19572 18638 12
19573 19273 12
19574 19023 12
19575 18871 12
19576 18859 12
19577 19218 12
19578 18465 12
19579 18957 12
19580 18892 12
19581 19026 12
19582 19362 12
19583 18555 12
19584 18763 12
19585 18507 12
19586 19208 12
19587 18666 12
19588 19384 12
19589 19096 12
19590 18836 12
19591 18584 12
19592 18619 12
19593 19162 12
19594 19390 12
19595 19260 12
19596 18917 12
19597 19392 12
19598 19012 12
19599 18673 12
19600 19202 12
19601 19348 12
19602 19408 12
19603 18699 12
19604 18660 12
19605 18977 12
19606 19133 12
19607 19270 12
19608 19169 12
19609 19207 12
19610 19194 12
19611 18842 12
19612 18587 12
19613 18691 12
19614 18633 12
19615 18484 12
19616 19021 12
19617 19110 12
19618 19351 12
19619 18546 12
19620 19244 12
19621 19071 12
19622 19432 12
19623 18675 12
19624 18604 12
19625 18784 12
19626 18834 12
19627 18511 12
19628 18494 12
19629 19272 12
19630 18761 12
19631 18788 12
19632 18965 12
19633 18760 12
19634 19365 12
19635 18848 12
19636 18813 12
19637 18822 12
19638 18590 12
19639 18865 12
19640 18482 12
19641 18816 12
19642 19196 12
19643 19195 12
19644 19037 12
19645 19314 12
19646 19351 12
19647 19287 12
19648 18748 12
19649 18838 12
19650 19235 12
19651 18821 12
19652 19255 12
19653 18520 12
19654 18967 12
19655 19242 12
19656 19204 12
19657 19351 12
19658 19331 12
19659 18733 12
19660 18978 12
19661 18568 12
19662 18669 12
19663 18834 12
19664 19421 12
19665 19428 12
19666 19283 12
19667 18725 12
19668 19357 12
19669 18528 12
19670 19351 12
19671 18751 12
19672 19044 12
19673 19305 12
19674 19170 12
19675 18703 12
19676 19352 12
19677 18657 12
19678 18904 12
19679 18766 12
19680 18562 12
19681 18902 12
19682 19191 12
19683 18478 12
19684 18563 12
19685 19246 12
19686 19320 12
19687 19265 12
19688 19346 12
19689 19001 12
19690 19397 12
19691 18968 12
19692 18949 12
19693 18887 12
19694 18729 12
19695 18631 12
19696 18962 12
19697 18816 12
19698 18867 12
19699 19282 12
19700 18653 12
19701 19350 12
19702 18697 12
19703 19126 12
19704 18760 12
19705 18830 12
19706 18501 12
19707 19434 12
19708 19054 12
19709 18901 12
19710 19086 12
19711 18706 12
19712 18918 12
19713 19217 12
19714 19189 12
19715 18495 12
19716 19102 12
19717 19433 12
19718 18560 12
19719 18832 12
19720 18557 12
19721 19042 12
19722 18722 12
19723 19232 12
19724 18467 12
19725 18668 12
19726 19370 12
19727 18882 12
19728 18628 12
19729 18854 12
19730 18783 12
19731 18799 12
19732 19326 12
19733 19400 12
19734 18464 12
19735 19177 12
19736 18828 12
19737 18509 12
19738 19067 12
19739 18551 12
19740 19043 12
19741 19315 12
19742 18790 12
19743 18774 12
19744 18696 12
19745 18786 12
19746 18595 12
19747 19365 12
19748 19187 12
19749 19279 12
19750 19351 12
19751 18912 12
19752 18864 12
19753 18466 12
19754 19094 12
19755 18525 12
19756 18702 12
19757 18625 12
19758 18639 12
19759 18558 12
19760 18652 12
19761 19019 12
19762 18916 12
19763 18588 12
19764 18590 12
19765 19383 12
19766 19039 12
19767 18601 12
19768 18690 12
19769 18906 12
19770 19105 12
19771 18504 12
19772 19183 12
19773 18856 12
19774 18988 12
19775 19025 12
19776 18506 12
19777 18841 12
19778 18734 12
19779 18670 12
19780 19301 12
19781 18666 12
19782 19405 12
19783 19240 12
19784 18688 12
19785 19419 12
19786 19220 12
19787 18529 12
19788 18468 12
19789 19288 12
19790 19267 12
19791 18536 12
19792 18997 12
19793 18905 12
19794 18599 12
19795 19017 12
19796 18642 12
19797 19310 12
19798 18991 12
19799 18797 12
19800 18870 12
19801 18837 12
19802 18701 12
19803 19029 12
19804 18848 12
19805 19199 12
19806 18761 12
19807 18658 12
19808 19154 12
19809 19161 12
19810 18613 12
19811 18718 12
19812 18869 12
19813 19413 12
19814 19304 12
19815 19163 12
19816 18850 12
19817 18745 12
19818 18678 12
19819 18626 12
19820 19158 12
19821 18897 12
19822 18992 12
19823 18713 12
19824 18727 12
19825 18732 12
19826 18700 12
19827 19203 12
19828 18491 12
19829 19037 12
19830 19266 12
19831 19020 12
19832 18517 12
19833 18926 12
19834 18561 12
19835 18701 12
19836 18954 12
19837 18891 12
19838 19074 12
19839 18491 12
19840 18764 12
19841 19178 12
19842 19268 12
19843 18519 12
19844 18883 12
19845 19103 12
19846 18966 12
19847 18719 12
19848 18801 12
19849 18740 12
19850 18744 12
19851 19111 12
19852 19018 12
19853 18862 12
19854 18744 12
19855 19344 12
19856 18714 12
19857 19372 12
19858 19032 12
19859 19141 12
19860 19243 12
19861 18849 12
19862 18818 12
19863 18831 12
19864 18631 12
19865 18483 12
19866 19252 12
19867 18707 12
19868 18724 12
19869 19350 12
19870 19021 12
19871 19348 12
19872 19062 12
19873 18475 12
19874 18685 12
19875 18769 12
19876 19331 12
19877 18488 12
19878 18583 12
19879 18578 12
19880 18530 12
19881 18817 12
19882 18766 12
19883 18577 12
19884 18875 12
19885 18759 12
19886 19361 12
19887 18642 12
19888 18958 12
19889 19337 12
19890 18622 12
19891 18827 12
19892 18559 12
19893 18606 12
19894 18512 12
19895 18633 12
19896 18543 12
19897 18682 12
19898 19070 12
19899 18792 12
19900 19375 12
19901 19333 12
19902 18999 12
19903 18868 12
19904 18564 12
19905 19318 12
19906 19398 12
19907 19411 12
19908 18755 12
19909 18932 12
19910 18852 12
19911 18461 12
19912 18809 12
19913 19391 12
19914 18730 12
19915 18835 12
19916 19005 12
19917 19041 12
19918 18847 12
19919 18857 12
19920 19418 12
19921 19343 12
19922 18473 12
19923 18924 12
19924 18480 12
19925 19182 12
19926 19135 12
19927 18461 12
19928 18878 12
19929 18852 12
19930 18847 12
19931 19085 12
19932 18823 12
19933 19373 12
19934 18575 12
19935 19014 12
19936 18645 12
19937 18795 12
19938 19363 12
19939 18969 12
19940 19366 12
19941 18484 12
19942 18534 12
19943 18525 12
19944 18573 12
19945 19419 12
19946 18686 12
19947 19128 12
19948 18694 12
19949 18473 12
19950 19043 12
19951 18715 12
19952 19350 12
19953 18492 12
19954 19181 12
19955 18896 12
19956 19193 12
19957 19329 12
19958 18475 12
19959 18983 12
19960 19216 12
19961 19224 12
19962 18825 12
19963 19064 12
19964 18815 12
19965 19425 12
19966 18832 12
19967 18463 12
19968 18497 12
19969 18580 12
19970 18845 12
19971 18937 12
19972 18864 12
19973 18878 12
19974 19396 12
19975 18489 12
19976 19098 12
19977 18922 12
19978 18470 12
19979 18808 12
19980 19431 12
19981 18947 12
19982 18498 12
19983 18798 12
19984 19403 12
19985 18981 12
19986 18585 12
19987 18746 12
19988 18910 12
19989 18516 12
19990 19420 12
19991 19374 12
19992 18885 12
19993 19197 12
19994 19336 12
19995 18600 12
19996 18857 12
19997 19430 12
19998 18791 12
19999 18995 12
20000 18652 12
20001 19013 12
20002 18807 12
20003 19325 12
20004 18741 12
20005 19348 12
20006 18846 12
20007 19332 12
20008 19412 12
20009 18709 12
20010 18842 12
20011 18808 12
20012 19156 12
20013 19316 12
20014 19344 12
20015 18762 12
20016 19345 12
20017 19148 12
20018 19274 12
20019 18779 12
20020 19029 12
20021 19376 12
20022 18775 12
20023 18765 12
20024 19051 12
20025 19092 12
20026 18807 12
20027 18989 12
20028 19307 12
20029 18856 12
20030 19082 12
20031 18542 12
20032 19201 12
20033 19120 12
20034 18931 12
20035 19401 12
20036 19226 12
20037 18708 12
20038 18611 12
20039 18750 12
20040 18979 12
20041 19350 12
20042 18615 12
20043 18769 12
20044 18534 12
20045 18566 12
20046 18578 12
20047 19010 12
20048 19338 12
20049 18886 12
20050 19351 12
20051 19297 12
20052 18826 12
20053 19351 12
20054 18468 12
20055 18869 12
20056 19353 12
20057 18610 12
20058 18859 12
20059 18833 12
20060 18940 12
20061 18819 12
20062 18477 12
20063 18793 12
20064 19112 12
20065 19263 12
20066 18482 12
20067 18780 12
20068 19048 12
20069 19324 12
20070 18894 12
20071 19392 12
20072 18608 12
20073 18895 12
20074 18543 12
20075 19044 12
20076 19222 12
20077 18728 12
20078 19124 12
20079 18511 12
20080 18794 12
20081 18697 12
20082 18571 12
20083 19389 12
20084 19380 12
20085 19138 12
20086 19130 12
20087 18722 12
20088 19365 12
20089 18632 12
20090 19327 12
20091 18714 12
20092 18749 12
20093 18517 12
20094 18494 12
20095 18621 12
20096 19117 12
20097 18814 12
20098 19286 12
20099 18681 12
20100 18547 12
20101 18503 12
20102 18531 12
20103 18627 12
20104 19188 12
20105 18976 12
20106 18721 12
20107 19061 12
20108 19386 12
20109 18960 12
20110 18519 12
20111 18465 12
20112 18793 12
20113 19344 12
20114 18839 12
20115 18499 12
20116 19245 12
20117 18490 12
20118 18544 12
20119 19176 12
20120 18993 12
20121 18824 12
20122 19056 12
20123 19360 12
20124 19002 12
20125 19129 12
20126 19190 12
20127 19238 12
20128 18669 12
20129 19006 12
20130 18700 12
20131 19424 12
20132 18658 12
20133 18693 12
20134 19410 12
20135 18817 12
20136 18784 12
20137 18667 12
20138 18915 12
20139 18737 12
20140 18556 12
20141 18879 12
20142 18822 12
20143 18787 12
20144 19277 12
20145 19200 12
20146 18861 12
20147 18826 12
20148 19417 12
20149 18535 12
20150 19123 12
20151 18770 12
20152 18471 12
20153 18489 12
20154 19280 12
20155 19198 12
20156 19091 12
20157 19008 12
20158 19000 12
20159 18868 12
20160 18984 12
20161 18872 12
20162 18930 12
20163 18654 12
20164 18676 12
20165 18972 12
20166 19350 12
20167 18514 12
20168 18576 12
20169 19036 12
20170 18522 12
20171 19350 12
20172 18537 12
20173 18745 12
20174 18656 12
20175 18712 12
20176 18687 12
20177 18946 12
20178 18699 12
20179 19164 12
20180 19022 12
20181 19393 12
20182 18672 12
20183 18695 12
20184 19006 12
20185 19016 12
20186 19256 12
20187 19348 12
20188 18996 12
20189 19149 12
20190 18510 12
20191 19358 12
20192 18789 12
20193 19353 12
20194 18498 12
20195 18688 12
20196 18553 12
20197 18804 12
20198 18481 12
20199 18812 12
20200 19311 12
20201 18838 12
20202 18528 12
20203 18827 12
20204 18862 12
20205 19323 12
20206 19294 12
20207 18908 12
20208 19068 12
20209 18660 12
20210 18845 12
20211 18593 12
20212 19143 12
20213 19076 12
20214 18872 12
20215 18469 12
20216 19174 12
20217 18724 12
20218 18975 12
20219 18497 12
20220 18836 12
20221 19108 12
20222 19264 12
20223 19146 12
20224 18500 12
20225 19249 12
20226 19042 12
20227 18792 12
20228 18723 12
20229 18674 12
20230 19416 12
20231 18880 12
20232 18549 12
20233 19387 12
20234 19356 12
20235 18764 12
20236 18858 12
20237 18898 12
20238 19233 12
20239 18893 12
20240 18518 12
20241 19075 12
20242 18829 12
20243 19228 12
20244 19041 12
20245 18704 12
20246 19026 12
20247 19438 12
20248 19072 12
20249 19348 12
20250 19429 12
20251 19395 12
20252 18581 12
20253 18646 12
20254 18506 12
20255 18551 12
20256 19027 12
20257 19035 12
20258 19231 12
20259 18756 12
20260 19347 12
20261 18530 12
20262 19034 12
20263 19292 12
20264 18487 12
20265 18604 12
20266 18550 12
20267 18851 12
20268 19099 12
20269 19035 12
20270 18476 12
20271 18559 12
20272 18751 12
20273 19088 12
20274 18672 12
20275 18637 12
20276 18738 12
20277 18488 12
20278 19230 12
20279 18616 12
20280 18963 12
20281 18542 12
20282 18801 12
20283 18463 12
20284 18566 12
20285 18933 12
20286 18802 12
20287 19341 12
20288 19142 12
20289 19015 12
20290 19083 12
20291 19049 12
20292 19157 12
20293 18548 12
20294 18487 12
20295 18943 12
20296 18512 12
20297 19382 12
20298 18850 12
20299 19180 12
20300 18876 12
20301 18743 12
20302 19165 12
20303 19351 12
20304 18552 12
20305 19095 12
20306 19010 12
20307 18662 12
20308 19330 12
20309 19151 12
20310 19047 12
20311 18818 12
20312 19351 12
20313 19271 12
20314 18460 12
20315 18641 12
20316 19417 12
20317 18710 12
20318 18819 12
20319 18742 12
20320 19024 12
20321 19319 12
20322 19254 12
20323 18545 12
20324 19350 12
20325 18721 12
20326 19214 12
20327 18523 12
20328 19293 12
20329 19073 12
20330 18772 12
20331 18480 12
20332 18803 12
20333 19080 12
20334 18521 12
20335 19419 12
20336 18921 12
20337 19355 12
20338 19030 12
20339 18670 12
20340 19038 12
20341 19221 12
20342 18596 12
20343 19031 12
20344 19152 12
20345 19058 12
20346 18754 12
20347 18671 12
20348 19300 12
20349 18634 12
20350 18775 12
20351 18524 12
20352 18565 12
20353 19347 12
20354 19031 12
20355 18526 12
20356 19055 12
20357 19046 12
20358 18472 12
20359 18742 12
20360 18673 12
20361 18778 12
20362 19046 12
20363 19427 12
20364 18554 12
20365 18767 12
20366 18942 12
20367 18747 12
20368 18532 12
20369 18698 12
20370 19237 12
20371 19027 12
20372 18974 12
20373 19321 12
20374 19093 12
20375 18460 12
20376 18496 12
20377 19206 12
20378 19045 12
20379 18950 12
20380 18899 12
20381 18581 12
20382 18655 12
20383 19339 12
20384 18835 12
20385 18876 12
20386 19348 12
20387 19033 12
20388 18810 12
20389 18982 12
20390 19351 12
20391 18648 12
20392 18597 12
20393 18941 12
20394 18884 12
20395 18787 12
20396 18649 12
20397 19059 12
20398 19060 12
20399 19379 12
20400 19415 12
20401 18829 12
20402 18704 12
20403 18684 12
20404 19114 12
20405 18713 12
20406 19281 12
20407 18804 12
20408 19406 12
20409 19127 12
20410 18789 12
20411 19050 12
20412 18802 12
20413 18689 12
20414 19234 12
20415 18663 12
20416 18798 12
20417 18508 12
20418 19172 12
20419 19175 12
20420 18614 12
20421 18888 12
20422 18687 12
20423 19223 12
20424 18840 12
20425 18717 12
20426 19350 12
20427 19024 12
20428 18889 12
20429 19066 12
20430 18885 12
20431 18840 12
20432 18531 12
20433 18462 12
20434 19423 12
20435 18558 12
20436 19009 12
20437 19348 12
20438 18505 12
20439 18828 12
20440 18592 12
20441 18602 12
20442 18635 12
20443 18565 12
20444 19052 12
20445 19063 12
20446 18907 12
20447 18762 12
20448 18973 12
20449 18955 12
20450 18735 12
20451 19369 12
20452 18603 12
20453 19020 12
20454 19367 12
20455 18533 12
20456 18779 12
20457 19348 12
20458 18585 12
20459 19359 12
20460 18925 12
20461 19348 12
20462 18797 12
20463 18560 12
20464 18514 12
20465 18796 12
20466 19019 12
20467 18865 12
20468 18472 12
20469 18644 12
20470 19045 12
20471 19348 12
20472 19351 12
20473 18592 12
20474 18820 12
20475 19032 12
20476 19015 12
20477 19136 12
20478 19251 12
20479 19345 12
20480 19351 12
20481 19011 12
20482 18810 12
20483 18623 12
20484 18689 12
20485 18552 12
20486 19344 12
20487 19025 12
20488 18677 12
20489 19023 12
20490 18776 12
20491 18870 12
20492 19018 12
20493 19418 12
20494 18540 12
20495 18866 12
20496 18782 12
20497 18841 12
20498 18809 12
20499 18839 12
20500 18806 12
20501 18923 12
20502 19312 12
20503 19351 12
20504 18934 12
20505 19167 12
20506 19225 12
20507 18524 12
20508 19347 12
20509 19377 12
20510 18547 12
20511 18570 12
20512 18493 12
20513 19009 12
20514 18712 12
20515 18612 12
20516 19399 12
20517 19348 12
20518 18486 12
20519 18567 12
20520 19389 12
20521 19296 12
20522 19422 12
20523 18515 12
20524 18858 12
20525 19160 12
20526 19309 12
20527 18686 12
20528 19213 12
20529 19389 12
20530 18909 12
20531 18833 12
20532 18773 12
20533 19262 12
20534 19007 12
20535 19017 12
20536 18820 12
20537 19298 12
20538 18815 12
20539 18781 12
20540 18743 12
20541 18696 12
20542 18507 12
20543 18952 12
20544 18715 12
20545 19348 12
20546 19350 12
20547 18499 12
20548 18651 12
20549 19368 12
20550 19351 12
20551 18731 12
20552 18785 12
20553 18881 12
20554 18948 12
20555 18481 12
20556 19106 12
20557 19016 12
20558 19306 12
20559 18663 12
20560 19036 12
20561 18971 12
20562 18651 12
20563 19351 12
20564 19028 12
20565 18680 12
20566 19140 12
20567 18913 12
20568 18771 12
20569 19241 12
20570 18944 12
20571 18656 12
20572 19078 12
20573 18800 12
20574 18754 12
20575 18589 12
20576 19269 12
20577 18569 12
20578 18794 12
20579 18464 12
20580 19388 12
20581 18890 12
20582 18843 12
20583 18684 12
20584 19351 12
20585 19344 12
20586 19131 12
20587 19371 12
20588 18459 12
20589 18716 12
20590 19215 12
20591 18607 12
20592 18501 12
20593 18814 12
20594 19192 12
20595 19364 12
20596 18620 12
20597 19436 12
20598 19166 12
20599 18683 12
20600 19089 12
20601 19258 12
20602 18655 12
20603 18811 12
20604 18691 12
20605 19335 12
20606 19132 12
20607 18723 12
20608 18853 12
20609 18643 12
20610 18518 12
20611 19011 12
20612 18846 12
20613 19004 12
20614 18837 12
20615 18914 12
20616 18961 12
20617 18538 12
20618 18469 12
20619 19039 12
20620 18527 12
20621 18765 12
20622 18485 12
20623 19227 12
20624 18785 12
20625 18788 12
20626 19065 12
20627 19144 12
20628 18720 12
20629 18529 12
20630 18702 12
20631 18757 12
20632 19139 12
20633 18986 12
20634 18774 12
20635 18821 12
20636 19186 12
20637 18873 12
20638 18824 12
20639 19418 12
20640 19308 12
20641 19404 12
20642 18685 12
20643 19407 12
20644 19285 12
20645 19350 12
20646 18805 12
20647 18920 12
20648 19433 12
20649 19145 12
20650 19303 12
20651 18466 12
20652 18636 12
20653 19107 12
20654 18786 12
20655 19259 12
20656 18539 12
20657 18467 12
20658 19087 12
20659 19236 12
20660 18477 12
20661 19040 12
20662 18783 12
20663 19153 12
20664 18562 12
20665 19150 12
20666 18479 12
20667 19239 12
20668 19184 12
20669 18860 12
20670 19290 12
20671 18668 12
20672 18738 12
20673 18874 12
20674 18692 12
20675 18505 12
20676 18471 12
20677 18523 12
20678 19381 12
20679 18618 12
20680 19084 12
20681 18586 12
20682 18927 12
20683 18716 12
20684 18661 12
20685 18474 12
20686 18756 12
20687 18900 12
20688 18773 12
20689 19212 12
20690 18830 12
20691 19013 12
20692 18749 12
20693 18929 12
20694 18855 12
20695 19069 12
20696 18624 12
20697 18825 12
20698 18516 12
20699 18718 12
20700 18866 12
20701 19219 12
20702 18574 12
20703 19352 12
20704 19210 12
20705 19081 12
20706 18805 12
20707 19419 12
20708 19313 12
20709 19378 12
20710 18980 12
20711 18881 12
20712 19034 12
20713 18811 12
20714 19334 12
20715 18459 12
20716 18956 12
20717 18799 12
20718 18844 12
20719 19050 12
20720 19291 12
20721 19322 12
20722 19385 12
20723 18508 12
20724 18945 12
20725 18609 12
20726 18753 12
20727 19344 12
20728 18532 12
20729 18860 12
20730 18635 12
20731 18884 12
20732 18781 12
20733 18513 12
20734 18591 12
20735 18630 12
20736 19101 12
20737 18736 12
20738 18928 12
20739 18617 12
20740 19349 12
20741 18911 12
20742 18513 12
20743 19349 12
20744 18486 12
20745 18582 12
20746 18502 12
20747 18777 12
20748 19134 12
20749 19040 12
20750 19284 12
20751 18813 12
20752 19402 12
20753 19350 12
20754 18776 12
20755 19317 12
20756 19147 12
20757 19276 12
20758 19012 12
20759 18653 12
20760 19033 12
20761 19179 12
20762 18589 12
20763 19125 12
20764 18665 12
20765 19351 12
20766 19014 12
20767 18938 12
20768 18800 12
20769 18806 12
20770 19340 12
20771 18544 12
20772 18650 12
20773 18919 12
20774 18533 12
20775 18545 12
20776 19113 12
20777 19247 12
20778 18768 12
20779 18541 12
20780 18726 12
20781 19047 12
20782 18772 12
20783 18705 12
20784 18812 12
20785 18752 12
20786 18493 12
20787 19115 12
20788 18844 12
20789 19342 12
20790 18662 12
20791 19437 12
20792 19350 12
20793 18736 12
20794 18863 12
20795 19116 12
20796 19168 12
20797 19048 12
20798 18579 12
20799 19278 12
20800 19275 12
20801 18474 12
20802 18763 12
20803 18771 12
20804 18903 12
20805 18671 12
20806 18755 12
20807 18496 12
20808 18683 12
20809 19030 12
20810 19211 12
20811 18970 12
20812 19248 12
20813 18741 12
20814 18553 12
20815 19051 12
20816 18563 12
20817 18985 12
20818 18594 12
20819 18877 12
