13359 18607 13
13360 18472 13
13361 18472 13
13362 18472 13
13363 18472 13
13364 18472 13
13365 18472 13
13366 19417 13
13367 18472 13
13368 18472 13
13369 18472 13
13370 18472 13
13371 18472 13
13372 18472 13
13373 18472 13
13374 19417 13
13375 18472 13
13375 18652 13
13376 18607 13
13380 19417 13
13381 19417 13
13382 18652 13
13383 18652 13
13384 18652 13
13385 18652 13
13386 18652 13
13387 18652 13
13388 18652 13
13389 18652 13
13390 18652 13
13391 18652 13
13392 18652 13
13393 18652 13
13394 18943 13
13395 18652 13
13396 18652 13
13397 19417 13
13398 19417 13
13399 18652 13
13400 18652 13
13401 18652 13
13402 18652 13
13403 18652 13
13404 18652 13
13405 18652 13
13406 18652 13
13407 18652 13
13408 18652 13
13409 18652 13
13410 19417 13
13411 18652 13
13412 18652 13
13413 18943 13
13414 18652 13
13420 18472 13
13424 18472 13
13435 18472 13
13441 18472 13
13443 18652 13
13444 18652 13
13445 18652 13
13446 18652 13
13447 18652 13
13448 18652 13
13462 18472 13
13464 18472 13
13465 18472 13
13466 18472 13
13467 18472 13
13491 18472 13
13492 18472 13
13493 18472 13
13494 18472 13
13495 18472 13
13496 18472 13
13498 18472 13
13500 18472 13
13502 18472 13
13503 18472 13
13504 18472 13
13505 18472 13
13507 18472 13
13509 18472 13
13511 18472 13
13513 18472 13
13517 18472 13
13518 18472 13
13521 19417 13
13522 19417 13
13533 18607 13
13534 18607 13
13535 18472 13
13536 18607 13
13537 18607 13
13538 18607 13
13547 18472 13
13549 18472 13
13551 18607 13
13552 18607 13
13555 19417 13
13561 18472 13
13562 18472 13
13563 18472 13
13564 18472 13
13565 18472 13
13566 18472 13
13567 18472 13
13568 18472 13
13569 18472 13
13570 18472 13
13571 18472 13
13572 18472 13
13573 18472 13
13574 18472 13
13575 18472 13
13576 18472 13
13577 18472 13
13578 18472 13
13579 18472 13
13580 18472 13
13581 18472 13
13582 18472 13
13584 18472 13
13585 18472 13
13586 18472 13
13587 18472 13
13588 18472 13
13589 18472 13
13590 18472 13
13591 18472 13
13592 18472 13
13593 18472 13
13594 18472 13
13595 18472 13
13596 18472 13
13597 18472 13
13598 18472 13
13599 18472 13
13600 18472 13
13601 18472 13
13602 18472 13
13603 18472 13
13604 18472 13
13605 18472 13
13606 18472 13
13607 18472 13
13608 18472 13
13609 18472 13
13610 18472 13
13611 18472 13
13612 18472 13
13613 18472 13
13614 18472 13
13615 18472 13
13616 18472 13
13617 18472 13
13618 18472 13
13619 18472 13
13620 18472 13
13621 18472 13
13622 18472 13
13623 18472 13
13624 18472 13
13625 18472 13
13626 18472 13
13627 18472 13
13628 18472 13
13629 18472 13
13630 18472 13
13631 18472 13
13632 18472 13
13633 18472 13
13634 18472 13
13635 18472 13
13636 18472 13
13637 18472 13
13638 18472 13
13639 18472 13
13640 18472 13
13641 18472 13
13642 18472 13
13643 18472 13
13644 18472 13
13645 18472 13
13646 18472 13
13647 18472 13
13648 18472 13
13650 18472 13
13651 18472 13
13652 18472 13
13653 18472 13
13654 18472 13
13655 18472 13
13656 18472 13
13657 18472 13
13658 18472 13
13659 18472 13
13660 18472 13
13661 18472 13
13662 18472 13
13663 18472 13
13664 18472 13
13665 18472 13
13666 18472 13
13667 18472 13
13668 18472 13
13669 18472 13
13670 18472 13
13671 18472 13
13672 18472 13
13673 18472 13
13674 18472 13
13675 18472 13
13676 18472 13
13677 18472 13
13678 18472 13
13679 18472 13
13680 18472 13
13681 18472 13
13682 18472 13
13683 18472 13
13684 18472 13
13685 18472 13
13686 18472 13
13687 18472 13
13688 18472 13
13689 18472 13
13690 18472 13
13691 18472 13
13692 18472 13
13693 18472 13
13694 18472 13
13695 18472 13
13696 18472 13
13697 18472 13
13698 18472 13
13699 18472 13
13700 18472 13
13701 18472 13
13702 18472 13
13703 18472 13
13704 18472 13
13705 18472 13
13706 18472 13
13707 18472 13
13709 18472 13
13710 18472 13
13711 18472 13
13712 18472 13
13713 18472 13
13714 18472 13
13715 18472 13
13716 18472 13
13717 18472 13
13718 18472 13
13719 18472 13
13720 18551 13
13721 18551 13
13722 18551 13
13723 18551 13
13724 18551 13
13725 18551 13
13726 18551 13
13727 18551 13
13728 18551 13
13729 18551 13
13730 18551 13
13731 18551 13
13732 18551 13
13733 18551 13
13734 18551 13
13735 18551 13
13736 18551 13
13737 18551 13
13738 18551 13
13739 18551 13
13740 18551 13
13741 18551 13
13742 18551 13
13743 18551 13
13744 18551 13
13745 18551 13
13746 18551 13
13747 18551 13
13748 18551 13
13749 18551 13
13750 18551 13
13751 18551 13
13752 18551 13
13753 18551 13
13754 18551 13
13755 18551 13
13756 18551 13
13757 18551 13
13758 18551 13
13759 18551 13
13760 18551 13
13696 18551 13
13762 18551 13
13763 18551 13
13764 18551 13
13765 18551 13
13766 18551 13
13767 18551 13
13768 18551 13
13769 18551 13
13770 18551 13
13771 18551 13
13772 18551 13
13773 18551 13
13774 18551 13
13775 18551 13
13776 18551 13
13777 18551 13
13778 18551 13
13779 18551 13
13780 18551 13
13781 18551 13
13782 18551 13
13783 18551 13
13784 18551 13
13785 18551 13
13786 18551 13
13787 18551 13
13788 18551 13
13789 18551 13
13790 18551 13
13791 18551 13
13792 18551 13
13793 18551 13
13794 18652 13
13795 18652 13
13796 18652 13
13797 18652 13
13798 18652 13
13799 18652 13
13800 18652 13
13801 18652 13
13802 18652 13
13803 18652 13
13804 18652 13
13805 18652 13
13806 18652 13
13807 18652 13
13808 18652 13
13809 18652 13
13810 18652 13
13811 18652 13
13812 18652 13
13813 18652 13
13814 18652 13
13815 18652 13
13816 18652 13
13817 18652 13
13818 18652 13
13819 18652 13
13820 18652 13
13821 18652 13
13822 18652 13
13823 18652 13
13824 18652 13
13825 18652 13
13826 18652 13
13827 18652 13
13828 18652 13
13829 18652 13
13830 18652 13
13831 18652 13
13832 18652 13
13833 18652 13
13834 18652 13
13835 18652 13
13836 18652 13
13837 18652 13
13838 18652 13
13839 18652 13
13840 18652 13
13841 18652 13
13842 18652 13
13843 18652 13
13844 18652 13
13845 18652 13
13846 18652 13
13847 18652 13
13848 18652 13
13849 18652 13
13850 18652 13
13851 18652 13
13852 18652 13
13853 18652 13
13854 18652 13
13855 18652 13
13856 18652 13
13857 18652 13
13858 18652 13
13859 18652 13
13860 18652 13
13861 18652 13
13862 18652 13
13863 18652 13
13864 18652 13
13865 18652 13
13866 18652 13
13867 18652 13
13868 18652 13
13869 18652 13
13870 18652 13
13871 18652 13
13872 18652 13
13873 18652 13
13874 18652 13
13875 18652 13
13876 18652 13
13877 18652 13
13878 18652 13
13879 18652 13
13880 18652 13
13881 18652 13
13882 18652 13
13883 18652 13
13884 18652 13
13885 18652 13
13886 18652 13
13887 18652 13
13888 18652 13
13889 18652 13
13890 18652 13
13891 18652 13
13892 18652 13
13893 18652 13
13894 18652 13
13895 18652 13
13896 18652 13
13897 18652 13
13898 18652 13
13899 18652 13
13900 18652 13
13901 18652 13
13902 18652 13
13903 18652 13
13904 18652 13
13905 18652 13
13906 18652 13
13907 18652 13
13908 18652 13
13909 18652 13
13910 18652 13
13911 18652 13
13912 18652 13
13913 18652 13
13914 18652 13
13915 18652 13
13916 18652 13
13917 18652 13
13918 18652 13
13919 18652 13
13920 18652 13
13922 18652 13
13923 18652 13
13924 18652 13
13925 18652 13
13926 18652 13
13927 18652 13
13928 18652 13
13929 18652 13
13930 18652 13
13931 18652 13
13932 18652 13
13933 18652 13
13934 18652 13
13935 18652 13
13936 18652 13
13937 18652 13
13938 18652 13
13939 18652 13
13940 18652 13
13941 18652 13
13942 18652 13
13943 18652 13
13944 18652 13
13945 18652 13
13946 18652 13
13947 18652 13
13948 18652 13
13949 18652 13
13950 18652 13
13951 18652 13
13952 18652 13
13953 18652 13
13954 18652 13
13955 18652 13
13956 18652 13
13957 18652 13
13958 18652 13
13959 18652 13
13960 18652 13
13961 18652 13
13962 18652 13
13963 18652 13
13964 18652 13
13965 18652 13
13966 18652 13
13967 18652 13
13968 18652 13
13969 18652 13
13970 18652 13
13971 18652 13
13972 18652 13
13973 18652 13
13974 18652 13
13975 18652 13
13976 18652 13
13977 18652 13
13978 18652 13
13979 18652 13
13980 18652 13
13981 18652 13
13982 18652 13
13983 18652 13
13984 18652 13
13985 18652 13
13986 18652 13
13987 18652 13
13988 18652 13
13989 18652 13
13990 18652 13
13991 18652 13
13992 18652 13
13993 18652 13
13994 18652 13
13995 18652 13
13996 18652 13
13997 18652 13
13998 18652 13
13999 18652 13
14000 18652 13
14001 18652 13
14002 18652 13
14003 18652 13
13786 18652 13
14005 18652 13
14006 18652 13
14007 18652 13
14008 18652 13
14009 18652 13
14010 18652 13
14011 18652 13
14012 18652 13
14013 18652 13
14014 18652 13
14015 18652 13
14016 18652 13
14017 18652 13
14018 18652 13
14019 18652 13
14020 18652 13
14021 18652 13
14022 18652 13
14023 18652 13
14024 18652 13
14025 18652 13
14026 18652 13
14027 18652 13
14028 18652 13
14029 18652 13
14030 18652 13
14031 18652 13
14032 18652 13
14033 18652 13
14034 18652 13
14035 18652 13
14036 18652 13
14037 18652 13
14038 18652 13
13750 18652 13
14040 18652 13
14041 18652 13
14042 18652 13
14043 18652 13
14044 18652 13
14045 18652 13
14046 18652 13
14047 18652 13
14048 18652 13
14049 18652 13
14050 18652 13
14051 18652 13
14052 18652 13
14053 18652 13
14054 18652 13
14055 18652 13
14056 18652 13
14057 18652 13
14058 18652 13
14059 18652 13
14060 18652 13
14061 18652 13
14062 18652 13
14063 18652 13
14064 18652 13
14065 18652 13
14066 18652 13
14067 18652 13
14068 18652 13
14069 18652 13
14070 18652 13
14071 18652 13
14072 18652 13
14073 18652 13
14074 18652 13
14075 18652 13
14076 18652 13
14077 18652 13
14078 18652 13
14079 18652 13
14080 18652 13
14081 18652 13
14082 18652 13
14083 18652 13
14084 18652 13
14085 18652 13
14086 18652 13
14087 18652 13
14088 18652 13
14089 18652 13
14090 18652 13
14091 18652 13
14092 18652 13
14093 18652 13
14094 18652 13
14095 18652 13
14096 18652 13
14097 18652 13
14098 18652 13
14099 18652 13
14100 18652 13
14101 18652 13
14102 18652 13
14103 18652 13
14104 18652 13
14105 18652 13
14106 18652 13
14108 18652 13
14109 18652 13
14110 18652 13
14111 18652 13
14112 18652 13
14113 18652 13
14114 18652 13
14115 18652 13
14116 18652 13
14117 18652 13
14118 18652 13
14119 18652 13
14120 18652 13
14121 18652 13
14122 18652 13
14123 18652 13
14124 18652 13
14125 18652 13
14126 18652 13
14127 18652 13
14128 18652 13
14129 18652 13
14130 18652 13
14131 18652 13
14132 18652 13
14133 18652 13
14134 18652 13
14135 18652 13
14136 18652 13
14137 18652 13
14138 18652 13
14139 18652 13
14140 18652 13
14141 18652 13
14142 18652 13
14143 18652 13
14144 18652 13
14145 18652 13
14146 18652 13
14147 18652 13
14148 18652 13
14149 18652 13
14150 18652 13
14151 18652 13
14152 18652 13
14153 18652 13
14154 18652 13
14155 18652 13
14156 18652 13
14157 18652 13
14158 18652 13
14159 18652 13
14160 18652 13
14161 18652 13
14162 18652 13
14163 18652 13
14164 18652 13
14165 18652 13
14166 18652 13
14167 18652 13
14168 18652 13
14169 18652 13
14170 18652 13
14171 18652 13
14172 18652 13
14173 18652 13
14174 18652 13
14175 18652 13
14176 18652 13
14177 18652 13
14178 18652 13
14179 18652 13
14180 18652 13
14181 18652 13
14182 18652 13
14183 18652 13
14184 18652 13
14185 18652 13
14186 18652 13
14187 18652 13
14188 18652 13
14189 18652 13
14190 18652 13
14191 18652 13
14192 18652 13
14193 18652 13
14194 18652 13
14195 18652 13
14196 18652 13
13564 18652 13
14198 18652 13
14199 18652 13
14200 18652 13
14201 18652 13
14202 18652 13
14203 18652 13
14204 18652 13
14205 18652 13
14206 18652 13
14207 18652 13
14208 18652 13
14209 18652 13
14210 18652 13
14211 18652 13
14212 18652 13
14213 18652 13
14214 18652 13
14215 18652 13
14216 18652 13
14217 18652 13
14218 18652 13
14219 18652 13
14220 18652 13
14221 18652 13
14222 18652 13
14223 18652 13
14224 18652 13
14225 18652 13
14226 18652 13
14227 18652 13
14228 18652 13
14229 18652 13
14230 18652 13
14231 18652 13
14232 18652 13
14233 18652 13
14234 18652 13
14235 18652 13
14236 18652 13
14237 18652 13
14238 18652 13
14239 18652 13
14240 18652 13
14241 18652 13
14242 18652 13
14243 18652 13
14244 18652 13
14245 18652 13
