20191 19439 16
20191 19440 16
20191 19441 16
20191 19442 16
20191 19443 16
20191 19444 16
20191 19445 16
20191 19446 16
20191 19447 16
20191 19448 16
20191 19449 16
20191 19450 16
20191 19451 16
20191 19452 16
20191 19453 16
20191 19454 16
20191 19455 16
20191 19456 16
20191 19457 16
20191 19458 16
20191 19459 16
20191 19460 16
20191 19461 16
20191 19462 16
20191 19463 16
20191 19464 16
20191 19465 16
20191 19466 16
20191 19467 16
20191 19468 16
20191 19469 16
20191 19470 16
20191 19471 16
20191 19472 16
20191 19473 16
20191 19474 16
20191 19475 16
20191 19476 16
20191 19477 16
20191 19478 16
20191 19479 16
20191 19480 16
20191 19481 16
20191 19482 16
20191 19483 16
20191 19484 16
20191 19485 16
20191 19486 16
20191 19487 16
20191 19488 16
20191 19489 16
20191 19490 16
20191 19491 16
20191 19492 16
20191 19493 16
20191 19494 16
20191 19495 16
20191 19496 16
20191 19497 16
20191 19498 16
20191 19499 16
20191 19500 16
20191 19501 16
20191 19502 16
20191 19503 16
20191 19504 16
20191 19505 16
20191 19506 16
20191 19507 16
20191 19508 16
20191 19509 16
20191 19510 16
20191 19511 16
20191 19512 16
20191 19513 16
20191 19514 16
20191 19515 16
20191 19516 16
20191 19517 16
20191 19518 16
20191 19519 16
20191 19520 16
20191 19521 16
20191 19522 16
20191 19523 16
20191 19524 16
20191 19525 16
20191 19526 16
20191 19527 16
20191 19528 16
20191 19529 16
20191 19530 16
20191 19531 16
20191 19532 16
20191 19533 16
20191 19534 16
20191 19535 16
20191 19536 16
20191 19537 16
20191 19538 16
20191 19539 16
20191 19540 16
20191 19541 16
20191 19542 16
20191 19543 16
20191 19544 16
20191 19545 16
20191 19546 16
20191 19547 16
20191 19548 16
20191 19549 16
20191 19550 16
20191 19551 16
20191 19552 16
20191 19553 16
20191 19554 16
20191 19555 16
20191 19556 16
20191 19557 16
20191 19558 16
20191 19559 16
20191 19560 16
20191 19561 16
20191 19562 16
20191 19563 16
20191 19564 16
20191 19565 16
20191 19566 16
20191 19567 16
20191 19568 16
20191 19569 16
20191 19570 16
20191 19571 16
20191 19572 16
20191 19573 16
20191 19574 16
20191 19575 16
20191 19576 16
20191 19577 16
20191 19578 16
20191 19579 16
20191 19580 16
20191 19581 16
20191 19582 16
20191 19583 16
20191 19584 16
20191 19585 16
20191 19586 16
20191 19587 16
20191 19588 16
20191 19589 16
20191 19590 16
20191 19591 16
20191 19592 16
20191 19593 16
20191 19594 16
20191 19595 16
20191 19596 16
20191 19597 16
20191 19598 16
20191 19599 16
20191 19600 16
20191 19601 16
20191 19602 16
20191 19603 16
20191 19604 16
20191 19605 16
20191 19606 16
20191 19607 16
20191 19608 16
20191 19609 16
20191 19610 16
20191 19611 16
20191 19612 16
20191 19613 16
20191 19614 16
20191 19615 16
20191 19616 16
20191 19617 16
20191 19618 16
20191 19619 16
20191 19620 16
20191 19621 16
20191 19622 16
20191 19623 16
20191 19624 16
20191 19625 16
20191 19626 16
20191 19627 16
20191 19628 16
20191 19629 16
20191 19630 16
20191 19631 16
20191 19632 16
20191 19633 16
20191 19634 16
20191 19635 16
20191 19636 16
20191 19637 16
20191 19638 16
20191 19639 16
20191 19640 16
20191 19641 16
20191 19642 16
20191 19643 16
20191 19644 16
20191 19645 16
20191 19646 16
20191 19647 16
20191 19648 16
20191 19649 16
20191 19650 16
20191 19651 16
20191 19652 16
20191 19653 16
20191 19654 16
20191 19655 16
20191 19656 16
20191 19657 16
20191 19658 16
20191 19659 16
20191 19660 16
20191 19661 16
20191 19662 16
20191 19663 16
20191 19664 16
20191 19665 16
20191 19666 16
20191 19667 16
20191 19668 16
20191 19669 16
20191 19670 16
20191 19671 16
20191 19672 16
20191 19673 16
20191 19674 16
20191 19675 16
20191 19676 16
20191 19677 16
20191 19678 16
20191 19679 16
20191 19680 16
20191 19681 16
20191 19682 16
20191 19683 16
20191 19684 16
20191 19685 16
20191 19686 16
20191 19687 16
20191 19688 16
20191 19689 16
20191 19690 16
20191 19691 16
20191 19692 16
20191 19693 16
20191 19694 16
20191 19695 16
20191 19696 16
20191 19697 16
20191 19698 16
20191 19699 16
20191 19700 16
20191 19701 16
20191 19702 16
20191 19703 16
20191 19704 16
20191 19705 16
20191 19706 16
20191 19707 16
20191 19708 16
20191 19709 16
20191 19710 16
20191 19711 16
20191 19712 16
20191 19713 16
20191 19714 16
20191 19715 16
20191 19716 16
20191 19717 16
20191 19718 16
20191 19719 16
20191 19720 16
20191 19721 16
20191 19722 16
20191 19723 16
20191 19724 16
20191 19725 16
20191 19726 16
20191 19727 16
20191 19728 16
20191 19729 16
20191 19730 16
20191 19731 16
20191 19732 16
20191 19733 16
20191 19734 16
20191 19735 16
20191 19736 16
20191 19737 16
20191 19738 16
20191 19739 16
20191 19740 16
20191 19741 16
20191 19742 16
20191 19743 16
20191 19744 16
20191 19745 16
20191 19746 16
20191 19747 16
20191 19748 16
20191 19749 16
20191 19750 16
20191 19751 16
20191 19752 16
20191 19753 16
20191 19754 16
20191 19755 16
20191 19756 16
20191 19757 16
20191 19758 16
20191 19759 16
20191 19760 16
20191 19761 16
20191 19762 16
20191 19763 16
20191 19764 16
20191 19765 16
20191 19766 16
20191 19767 16
20191 19768 16
20191 19769 16
20191 19770 16
20191 19771 16
20191 19772 16
20191 19773 16
20191 19774 16
20191 19775 16
20191 19776 16
20191 19777 16
20191 19778 16
20191 19779 16
20191 19780 16
20191 19781 16
20191 19782 16
20191 19783 16
20191 19784 16
20191 19785 16
20191 19786 16
20191 19787 16
20191 19788 16
20191 19789 16
20191 19790 16
20191 19791 16
20191 19792 16
20191 19793 16
20191 19794 16
20191 19795 16
20191 19796 16
20191 19797 16
20191 19798 16
20191 19799 16
20191 19800 16
20191 19801 16
20191 19802 16
20191 19803 16
20191 19804 16
20191 19805 16
20191 19806 16
20191 19807 16
20191 19808 16
20191 19809 16
20191 19810 16
20191 19811 16
20191 19812 16
20191 19813 16
20191 19814 16
20191 19815 16
20191 19816 16
20191 19817 16
20191 19818 16
20191 19819 16
20191 19820 16
20191 19821 16
20191 19822 16
20191 19823 16
20191 19824 16
20191 19825 16
20191 19826 16
20191 19827 16
20191 19828 16
20191 19829 16
20191 19830 16
20191 19831 16
20191 19832 16
20191 19833 16
20191 19834 16
20191 19835 16
20191 19836 16
20191 19837 16
20191 19838 16
20191 19839 16
20191 19840 16
20191 19841 16
20191 19842 16
20191 19843 16
20191 19844 16
20191 19845 16
20191 19846 16
20191 19847 16
20191 19848 16
20191 19849 16
20191 19850 16
20191 19851 16
20191 19852 16
20191 19853 16
20191 19854 16
20191 19855 16
20191 19856 16
20191 19857 16
20191 19858 16
20191 19859 16
20191 19860 16
20191 19861 16
20191 19862 16
20191 19863 16
20191 19864 16
20191 19865 16
20191 19866 16
20191 19867 16
20191 19868 16
20191 19869 16
20191 19870 16
20191 19871 16
20191 19872 16
20191 19873 16
20191 19874 16
20191 19875 16
20191 19876 16
20191 19877 16
20191 19878 16
20191 19879 16
20191 19880 16
20191 19881 16
20191 19882 16
20191 19883 16
20191 19884 16
20191 19885 16
20191 19886 16
20191 19887 16
20191 19888 16
20191 19889 16
20191 19890 16
20191 19891 16
20191 19892 16
20191 19893 16
20191 19894 16
20191 19895 16
20191 19896 16
20191 19897 16
20191 19898 16
20191 19899 16
20191 19900 16
20191 19901 16
20191 19902 16
20191 19903 16
20191 19904 16
20191 19905 16
20191 19906 16
20191 19907 16
20191 19908 16
20191 19909 16
20191 19910 16
20191 19911 16
20191 19912 16
20191 19913 16
20191 19914 16
20191 19915 16
20191 19916 16
20191 19917 16
20191 19918 16
20191 19919 16
20191 19920 16
20191 19921 16
20191 19922 16
20191 19923 16
20191 19924 16
20191 19925 16
20191 19926 16
20191 19927 16
20191 19928 16
20191 19929 16
20191 19930 16
20191 19931 16
20191 19932 16
20191 19933 16
20191 19934 16
20191 19935 16
20191 19936 16
20191 19937 16
20191 19938 16
20191 19939 16
20191 19940 16
20191 19941 16
20191 19942 16
20191 19943 16
20191 19944 16
20191 19945 16
20191 19946 16
20191 19947 16
20191 19948 16
20191 19949 16
20191 19950 16
20191 19951 16
20191 19952 16
20191 19953 16
20191 19954 16
20191 19955 16
20191 19956 16
20191 19957 16
20191 19958 16
20191 19959 16
20191 19960 16
20191 19961 16
20191 19962 16
20191 19963 16
20191 19964 16
20191 19965 16
20191 19966 16
20191 19967 16
20191 19968 16
20191 19969 16
20191 19970 16
20191 19971 16
20191 19972 16
20191 19973 16
20191 19974 16
20191 19975 16
20191 19976 16
20191 19977 16
20191 19978 16
20191 19979 16
20191 19980 16
20191 19981 16
20191 19982 16
20191 19983 16
20191 19984 16
20191 19985 16
20191 19986 16
20191 19987 16
20191 19988 16
20191 19989 16
20191 19990 16
20191 19991 16
20191 19992 16
20191 19993 16
20191 19994 16
20191 19995 16
20191 19996 16
20191 19997 16
20191 19998 16
20191 19999 16
20191 20000 16
20191 20001 16
20191 20002 16
20191 20003 16
20191 20004 16
20191 20005 16
20191 20006 16
20191 20007 16
20191 20008 16
20191 20009 16
20191 20010 16
20191 20011 16
20191 20012 16
20191 20013 16
20191 20014 16
20191 20015 16
20191 20016 16
20191 20017 16
20191 20018 16
20191 20019 16
20191 20020 16
20191 20021 16
20191 20022 16
20191 20023 16
20191 20024 16
20191 20025 16
20191 20026 16
20191 20027 16
20191 20028 16
20191 20029 16
20191 20030 16
20191 20031 16
20191 20032 16
20191 20033 16
20191 20034 16
20191 20035 16
20191 20036 16
20191 20037 16
20191 20038 16
20191 20039 16
20191 20040 16
20191 20041 16
20191 20042 16
20191 20043 16
20191 20044 16
20191 20045 16
20191 20046 16
20191 20047 16
20191 20048 16
20191 20049 16
20191 20050 16
20191 20051 16
20191 20052 16
20191 20053 16
20191 20054 16
20191 20055 16
20191 20056 16
20191 20057 16
20191 20058 16
20191 20059 16
20191 20060 16
20191 20061 16
20191 20062 16
20191 20063 16
20191 20064 16
20191 20065 16
20191 20066 16
20191 20067 16
20191 20068 16
20191 20069 16
20191 20070 16
20191 20071 16
20191 20072 16
20191 20073 16
20191 20074 16
20191 20075 16
20191 20076 16
20191 20077 16
20191 20078 16
20191 20079 16
20191 20080 16
20191 20081 16
20191 20082 16
20191 20083 16
20191 20084 16
20191 20085 16
20191 20086 16
20191 20087 16
20191 20088 16
20191 20089 16
20191 20090 16
20191 20091 16
20191 20092 16
20191 20093 16
20191 20094 16
20191 20095 16
20191 20096 16
20191 20097 16
20191 20098 16
20191 20099 16
20191 20100 16
20191 20101 16
20191 20102 16
20191 20103 16
20191 20104 16
20191 20105 16
20191 20106 16
20191 20107 16
20191 20108 16
20191 20109 16
20191 20110 16
20191 20111 16
20191 20112 16
20191 20113 16
20191 20114 16
20191 20115 16
20191 20116 16
20191 20117 16
20191 20118 16
20191 20119 16
20191 20120 16
20191 20121 16
20191 20122 16
20191 20123 16
20191 20124 16
20191 20125 16
20191 20126 16
20191 20127 16
20191 20128 16
20191 20129 16
20191 20130 16
20191 20131 16
20191 20132 16
20191 20133 16
20191 20134 16
20191 20135 16
20191 20136 16
20191 20137 16
20191 20138 16
20191 20139 16
20191 20140 16
20191 20141 16
20191 20142 16
20191 20143 16
20191 20144 16
20191 20145 16
20191 20146 16
20191 20147 16
20191 20148 16
20191 20149 16
20191 20150 16
20191 20151 16
20191 20152 16
20191 20153 16
20191 20154 16
20191 20155 16
20191 20156 16
20191 20157 16
20191 20158 16
20191 20159 16
20191 20160 16
20191 20161 16
20191 20162 16
20191 20163 16
20191 20164 16
20191 20165 16
20191 20166 16
20191 20167 16
20191 20168 16
20191 20169 16
20191 20170 16
20191 20171 16
20191 20172 16
20191 20173 16
20191 20174 16
20191 20175 16
20191 20176 16
20191 20177 16
20191 20178 16
20191 20179 16
20191 20180 16
20191 20181 16
20191 20182 16
20191 20183 16
20191 20184 16
20191 20185 16
20191 20186 16
20191 20187 16
20191 20188 16
20191 20189 16
20191 20190 16
20191 20192 16
20191 20193 16
20191 20194 16
20191 20195 16
20191 20196 16
20191 20197 16
20191 20198 16
20191 20199 16
20191 20200 16
20191 20201 16
20191 20202 16
20191 20203 16
20191 20204 16
20191 20205 16
20191 20206 16
20191 20207 16
20191 20208 16
20191 20209 16
20191 20210 16
20191 20211 16
20191 20212 16
20191 20213 16
20191 20214 16
20191 20215 16
20191 20216 16
20191 20217 16
20191 20218 16
20191 20219 16
20191 20220 16
20191 20221 16
20191 20222 16
20191 20223 16
20191 20224 16
20191 20225 16
20191 20226 16
20191 20227 16
20191 20228 16
20191 20229 16
20191 20230 16
20191 20231 16
20191 20232 16
20191 20233 16
20191 20234 16
20191 20235 16
20191 20236 16
20191 20237 16
20191 20238 16
20191 20239 16
20191 20240 16
20191 20241 16
20191 20242 16
20191 20243 16
20191 20244 16
20191 20245 16
20191 20246 16
20191 20247 16
20191 20248 16
20191 20249 16
20191 20250 16
20191 20251 16
20191 20252 16
20191 20253 16
20191 20254 16
20191 20255 16
20191 20256 16
20191 20257 16
20191 20258 16
20191 20259 16
20191 20260 16
20191 20261 16
20191 20262 16
20191 20263 16
20191 20264 16
20191 20265 16
20191 20266 16
20191 20267 16
20191 20268 16
20191 20269 16
20191 20270 16
20191 20271 16
20191 20272 16
20191 20273 16
20191 20274 16
20191 20275 16
20191 20276 16
20191 20277 16
20191 20278 16
20191 20279 16
20191 20280 16
20191 20281 16
20191 20282 16
20191 20283 16
20191 20284 16
20191 20285 16
20191 20286 16
20191 20287 16
20191 20288 16
20191 20289 16
20191 20290 16
20191 20291 16
20191 20292 16
20191 20293 16
20191 20294 16
20191 20295 16
20191 20296 16
20191 20297 16
20191 20298 16
20191 20299 16
20191 20300 16
20191 20301 16
20191 20302 16
20191 20303 16
20191 20304 16
20191 20305 16
20191 20306 16
20191 20307 16
20191 20308 16
20191 20309 16
20191 20310 16
20191 20311 16
20191 20312 16
20191 20313 16
20191 20314 16
20191 20315 16
20191 20316 16
20191 20317 16
20191 20318 16
20191 20319 16
20191 20320 16
20191 20321 16
20191 20322 16
20191 20323 16
20191 20324 16
20191 20325 16
20191 20326 16
20191 20327 16
20191 20328 16
20191 20329 16
20191 20330 16
20191 20331 16
20191 20332 16
20191 20333 16
20191 20334 16
20191 20335 16
20191 20336 16
20191 20337 16
20191 20338 16
20191 20339 16
20191 20340 16
20191 20341 16
20191 20342 16
20191 20343 16
20191 20344 16
20191 20345 16
20191 20346 16
20191 20347 16
20191 20348 16
20191 20349 16
20191 20350 16
20191 20351 16
20191 20352 16
20191 20353 16
20191 20354 16
20191 20355 16
20191 20356 16
20191 20357 16
20191 20358 16
20191 20359 16
20191 20360 16
20191 20361 16
20191 20362 16
20191 20363 16
20191 20364 16
20191 20365 16
20191 20366 16
20191 20367 16
20191 20368 16
20191 20369 16
20191 20370 16
20191 20371 16
20191 20372 16
20191 20373 16
20191 20374 16
20191 20375 16
20191 20376 16
20191 20377 16
20191 20378 16
20191 20379 16
20191 20380 16
20191 20381 16
20191 20382 16
20191 20383 16
20191 20384 16
20191 20385 16
20191 20386 16
20191 20387 16
20191 20388 16
20191 20389 16
20191 20390 16
20191 20391 16
20191 20392 16
20191 20393 16
20191 20394 16
20191 20395 16
20191 20396 16
20191 20397 16
20191 20398 16
20191 20399 16
20191 20400 16
20191 20401 16
20191 20402 16
20191 20403 16
20191 20404 16
20191 20405 16
20191 20406 16
20191 20407 16
20191 20408 16
20191 20409 16
20191 20410 16
20191 20411 16
20191 20412 16
20191 20413 16
20191 20414 16
20191 20415 16
20191 20416 16
20191 20417 16
20191 20418 16
20191 20419 16
20191 20420 16
20191 20421 16
20191 20422 16
20191 20423 16
20191 20424 16
20191 20425 16
20191 20426 16
20191 20427 16
20191 20428 16
20191 20429 16
20191 20430 16
20191 20431 16
20191 20432 16
20191 20433 16
20191 20434 16
20191 20435 16
20191 20436 16
20191 20437 16
20191 20438 16
20191 20439 16
20191 20440 16
20191 20441 16
20191 20442 16
20191 20443 16
20191 20444 16
20191 20445 16
20191 20446 16
20191 20447 16
20191 20448 16
20191 20449 16
20191 20450 16
20191 20451 16
20191 20452 16
20191 20453 16
20191 20454 16
20191 20455 16
20191 20456 16
20191 20457 16
20191 20458 16
20191 20459 16
20191 20460 16
20191 20461 16
20191 20462 16
20191 20463 16
20191 20464 16
20191 20465 16
20191 20466 16
20191 20467 16
20191 20468 16
20191 20469 16
20191 20470 16
20191 20471 16
20191 20472 16
20191 20473 16
20191 20474 16
20191 20475 16
20191 20476 16
20191 20477 16
20191 20478 16
20191 20479 16
20191 20480 16
20191 20481 16
20191 20482 16
20191 20483 16
20191 20484 16
20191 20485 16
20191 20486 16
20191 20487 16
20191 20488 16
20191 20489 16
20191 20490 16
20191 20491 16
20191 20492 16
20191 20493 16
20191 20494 16
20191 20495 16
20191 20496 16
20191 20497 16
20191 20498 16
20191 20499 16
20191 20500 16
20191 20501 16
20191 20502 16
20191 20503 16
20191 20504 16
20191 20505 16
20191 20506 16
20191 20507 16
20191 20508 16
20191 20509 16
20191 20510 16
20191 20511 16
20191 20512 16
20191 20513 16
20191 20514 16
20191 20515 16
20191 20516 16
20191 20517 16
20191 20518 16
20191 20519 16
20191 20520 16
20191 20521 16
20191 20522 16
20191 20523 16
20191 20524 16
20191 20525 16
20191 20526 16
20191 20527 16
20191 20528 16
20191 20529 16
20191 20530 16
20191 20531 16
20191 20532 16
20191 20533 16
20191 20534 16
20191 20535 16
20191 20536 16
20191 20537 16
20191 20538 16
20191 20539 16
20191 20540 16
20191 20541 16
20191 20542 16
20191 20543 16
20191 20544 16
20191 20545 16
20191 20546 16
20191 20547 16
20191 20548 16
20191 20549 16
20191 20550 16
20191 20551 16
20191 20552 16
20191 20553 16
20191 20554 16
20191 20555 16
20191 20556 16
20191 20557 16
20191 20558 16
20191 20559 16
20191 20560 16
20191 20561 16
20191 20562 16
20191 20563 16
20191 20564 16
20191 20565 16
20191 20566 16
20191 20567 16
20191 20568 16
20191 20569 16
20191 20570 16
20191 20571 16
20191 20572 16
20191 20573 16
20191 20574 16
20191 20575 16
20191 20576 16
20191 20577 16
20191 20578 16
20191 20579 16
20191 20580 16
20191 20581 16
20191 20582 16
20191 20583 16
20191 20584 16
20191 20585 16
20191 20586 16
20191 20587 16
20191 20588 16
20191 20589 16
20191 20590 16
20191 20591 16
20191 20592 16
20191 20593 16
20191 20594 16
20191 20595 16
20191 20596 16
20191 20597 16
20191 20598 16
20191 20599 16
20191 20600 16
20191 20601 16
20191 20602 16
20191 20603 16
20191 20604 16
20191 20605 16
20191 20606 16
20191 20607 16
20191 20608 16
20191 20609 16
20191 20610 16
20191 20611 16
20191 20612 16
20191 20613 16
20191 20614 16
20191 20615 16
20191 20616 16
20191 20617 16
20191 20618 16
20191 20619 16
20191 20620 16
20191 20621 16
20191 20622 16
20191 20623 16
20191 20624 16
20191 20625 16
20191 20626 16
20191 20627 16
20191 20628 16
20191 20629 16
20191 20630 16
20191 20631 16
20191 20632 16
20191 20633 16
20191 20634 16
20191 20635 16
20191 20636 16
20191 20637 16
20191 20638 16
20191 20639 16
20191 20640 16
20191 20641 16
20191 20642 16
20191 20643 16
20191 20644 16
20191 20645 16
20191 20646 16
20191 20647 16
20191 20648 16
20191 20649 16
20191 20650 16
20191 20651 16
20191 20652 16
20191 20653 16
20191 20654 16
20191 20655 16
20191 20656 16
20191 20657 16
20191 20658 16
20191 20659 16
20191 20660 16
20191 20661 16
20191 20662 16
20191 20663 16
20191 20664 16
20191 20665 16
20191 20666 16
20191 20667 16
20191 20668 16
20191 20669 16
20191 20670 16
20191 20671 16
20191 20672 16
20191 20673 16
20191 20674 16
20191 20675 16
20191 20676 16
20191 20677 16
20191 20678 16
20191 20679 16
20191 20680 16
20191 20681 16
20191 20682 16
20191 20683 16
20191 20684 16
20191 20685 16
20191 20686 16
20191 20687 16
20191 20688 16
20191 20689 16
20191 20690 16
20191 20691 16
20191 20692 16
20191 20693 16
20191 20694 16
20191 20695 16
20191 20696 16
20191 20697 16
20191 20698 16
20191 20699 16
20191 20700 16
20191 20701 16
20191 20702 16
20191 20703 16
20191 20704 16
20191 20705 16
20191 20706 16
20191 20707 16
20191 20708 16
20191 20709 16
20191 20710 16
20191 20711 16
20191 20712 16
20191 20713 16
20191 20714 16
20191 20715 16
20191 20716 16
20191 20717 16
20191 20718 16
20191 20719 16
20191 20720 16
20191 20721 16
20191 20722 16
20191 20723 16
20191 20724 16
20191 20725 16
20191 20726 16
20191 20727 16
20191 20728 16
20191 20729 16
20191 20730 16
20191 20731 16
20191 20732 16
20191 20733 16
20191 20734 16
20191 20735 16
20191 20736 16
20191 20737 16
20191 20738 16
20191 20739 16
20191 20740 16
20191 20741 16
20191 20742 16
20191 20743 16
20191 20744 16
20191 20745 16
20191 20746 16
20191 20747 16
20191 20748 16
20191 20749 16
20191 20750 16
20191 20751 16
20191 20752 16
20191 20753 16
20191 20754 16
20191 20755 16
20191 20756 16
20191 20757 16
20191 20758 16
20191 20759 16
20191 20760 16
20191 20761 16
20191 20762 16
20191 20763 16
20191 20764 16
20191 20765 16
20191 20766 16
20191 20767 16
20191 20768 16
20191 20769 16
20191 20770 16
20191 20771 16
20191 20772 16
20191 20773 16
20191 20774 16
20191 20775 16
20191 20776 16
20191 20777 16
20191 20778 16
20191 20779 16
20191 20780 16
20191 20781 16
20191 20782 16
20191 20783 16
20191 20784 16
20191 20785 16
20191 20786 16
20191 20787 16
20191 20788 16
20191 20789 16
20191 20790 16
20191 20791 16
20191 20792 16
20191 20793 16
20191 20794 16
20191 20795 16
20191 20796 16
20191 20797 16
20191 20798 16
20191 20799 16
20191 20800 16
20191 20801 16
20191 20802 16
20191 20803 16
20191 20804 16
20191 20805 16
20191 20806 16
20191 20807 16
20191 20808 16
20191 20809 16
20191 20810 16
20191 20811 16
20191 20812 16
20191 20813 16
20191 20814 16
20191 20815 16
20191 20816 16
20191 20817 16
20191 20818 16
20191 20819 16
