20295 19439 18
20000 19440 18
20559 19441 18
20468 19442 18
20559 19443 18
20003 19444 18
20000 19445 18
20791 19446 18
19760 19447 18
20591 19448 18
20000 19449 18
19739 19450 18
19760 19451 18
20000 19452 18
20000 19453 18
20468 19454 18
19739 19455 18
20106 19456 18
20468 19457 18
20295 19458 18
20000 19459 18
20035 19460 18
20255 19461 18
20295 19462 18
19760 19463 18
20295 19464 18
19760 19465 18
20295 19466 18
19760 19467 18
19760 19468 18
20295 19469 18
20468 19470 18
20181 19471 18
20468 19472 18
20791 19473 18
20295 19474 18
20605 19475 18
20591 19476 18
20255 19477 18
19462 19478 18
20791 19479 18
20000 19480 18
20295 19481 18
20295 19482 18
20295 19483 18
20759 19484 18
20003 19485 18
19866 19486 18
20000 19487 18
20363 19488 18
20477 19489 18
19760 19490 18
20021 19491 18
20295 19492 18
20588 19493 18
20255 19494 18
20295 19495 18
20791 19496 18
20000 19497 18
19462 19498 18
20000 19499 18
20000 19500 18
20000 19501 18
20468 19502 18
20425 19503 18
20000 19504 18
20000 19505 18
19739 19506 18
20791 19507 18
20003 19508 18
20358 19509 18
20591 19510 18
20295 19511 18
20000 19512 18
20000 19513 18
20255 19514 18
20358 19515 18
20090 19516 18
20743 19517 18
20000 19518 18
20791 19519 18
20247 19520 18
20591 19521 18
20819 19522 18
20791 19523 18
20000 19524 18
20000 19525 18
20791 19526 18
20591 19527 18
20559 19528 18
19760 19529 18
20255 19530 18
20358 19531 18
20000 19532 18
20791 19533 18
20295 19534 18
20295 19535 18
20791 19536 18
20468 19537 18
20000 19538 18
20295 19539 18
20595 19540 18
20000 19541 18
20559 19542 18
20459 19543 18
20003 19544 18
20358 19545 18
20295 19546 18
19739 19547 18
20295 19548 18
19760 19549 18
20295 19550 18
20791 19551 18
20715 19552 18
20791 19553 18
19480 19554 18
20358 19555 18
20148 19556 18
20003 19557 18
20021 19558 18
20791 19559 18
20000 19560 18
20358 19561 18
19760 19562 18
20000 19563 18
19760 19564 18
20000 19565 18
20791 19566 18
20715 19567 18
19965 19568 18
20295 19569 18
20791 19570 18
20295 19571 18
20591 19572 18
20791 19573 18
19760 19574 18
20295 19575 18
20491 19576 18
20791 19577 18
20358 19578 18
20295 19579 18
20295 19580 18
20000 19581 18
20003 19582 18
20591 19583 18
19760 19584 18
20468 19585 18
19609 19586 18
19760 19587 18
20003 19588 18
20295 19589 18
20000 19590 18
20232 19591 18
20591 19592 18
20791 19593 18
20003 19594 18
20791 19595 18
20295 19596 18
20148 19597 18
20000 19598 18
20000 19599 18
19808 19600 18
20337 19601 18
20003 19602 18
20000 19603 18
19760 19604 18
20295 19605 18
20791 19606 18
20791 19607 18
20791 19608 18
20791 19609 18
20791 19610 18
19760 19611 18
20591 19612 18
19760 19613 18
20255 19614 18
20468 19615 18
19760 19616 18
20791 19617 18
20123 19618 18
20591 19619 18
20791 19620 18
20295 19621 18
20247 19622 18
19700 19623 18
20255 19624 18
19760 19625 18
20000 19626 18
20358 19627 18
20468 19628 18
20791 19629 18
20000 19630 18
19760 19631 18
19462 19632 18
20000 19633 18
20595 19634 18
19760 19635 18
19760 19636 18
20000 19637 18
19739 19638 18
19760 19639 18
20358 19640 18
19760 19641 18
20791 19642 18
20791 19643 18
20000 19644 18
20021 19645 18
20260 19646 18
20021 19647 18
20295 19648 18
20000 19649 18
20791 19650 18
20000 19651 18
20791 19652 18
20358 19653 18
20295 19654 18
20791 19655 18
19827 19656 18
20353 19657 18
20090 19658 18
19825 19659 18
20295 19660 18
20591 19661 18
20000 19662 18
19760 19663 18
20003 19664 18
20003 19665 18
20791 19666 18
20295 19667 18
20090 19668 18
20358 19669 18
20316 19670 18
20000 19671 18
20000 19672 18
20003 19673 18
19608 19674 18
20415 19675 18
19688 19676 18
20295 19677 18
20295 19678 18
19760 19679 18
20255 19680 18
20295 19681 18
20791 19682 18
20591 19683 18
19739 19684 18
20791 19685 18
20021 19686 18
20791 19687 18
20090 19688 18
20295 19689 18
19965 19690 18
20295 19691 18
19462 19692 18
20295 19693 18
19824 19694 18
20255 19695 18
20295 19696 18
20000 19697 18
20295 19698 18
20791 19699 18
20000 19700 18
20508 19701 18
19760 19702 18
20791 19703 18
19760 19704 18
20000 19705 18
20358 19706 18
20003 19707 18
20295 19708 18
20295 19709 18
20295 19710 18
20415 19711 18
20295 19712 18
20791 19713 18
20791 19714 18
20591 19715 18
20295 19716 18
20247 19717 18
20255 19718 18
20000 19719 18
20591 19720 18
20000 19721 18
20000 19722 18
20791 19723 18
20358 19724 18
20000 19725 18
20003 19726 18
20295 19727 18
20591 19728 18
20000 19729 18
19760 19730 18
19760 19731 18
20003 19732 18
20003 19733 18
20358 19734 18
20791 19735 18
19760 19736 18
20358 19737 18
20295 19738 18
20591 19739 18
19760 19740 18
20459 19741 18
19760 19742 18
20000 19743 18
20000 19744 18
19760 19745 18
20591 19746 18
19668 19747 18
20791 19748 18
20791 19749 18
19688 19750 18
20295 19751 18
19760 19752 18
20468 19753 18
20295 19754 18
20358 19755 18
20415 19756 18
20591 19757 18
20591 19758 18
19739 19759 18
20295 19760 18
19760 19761 18
20295 19762 18
20591 19763 18
20255 19764 18
20003 19765 18
20000 19766 18
19739 19767 18
20295 19768 18
20295 19769 18
20295 19770 18
20358 19771 18
20791 19772 18
19760 19773 18
20295 19774 18
20000 19775 18
20358 19776 18
19760 19777 18
19760 19778 18
19760 19779 18
20003 19780 18
20000 19781 18
20641 19782 18
20791 19783 18
19760 19784 18
19965 19785 18
20791 19786 18
20358 19787 18
20468 19788 18
20021 19789 18
20791 19790 18
20591 19791 18
20295 19792 18
20295 19793 18
20591 19794 18
19760 19795 18
19739 19796 18
20021 19797 18
20295 19798 18
20000 19799 18
20000 19800 18
19760 19801 18
19760 19802 18
19760 19803 18
20000 19804 18
20791 19805 18
19760 19806 18
20000 19807 18
20663 19808 18
20777 19809 18
20591 19810 18
20000 19811 18
20000 19812 18
19471 19813 18
20003 19814 18
20791 19815 18
19760 19816 18
20000 19817 18
20295 19818 18
20591 19819 18
20292 19820 18
20295 19821 18
20295 19822 18
20559 19823 18
20551 19824 18
19824 19825 18
20000 19826 18
20791 19827 18
20468 19828 18
19760 19829 18
20791 19830 18
19760 19831 18
20468 19832 18
20295 19833 18
20591 19834 18
20000 19835 18
20295 19836 18
20295 19837 18
20295 19838 18
20358 19839 18
19760 19840 18
20791 19841 18
20791 19842 18
20468 19843 18
19727 19844 18
20295 19845 18
19462 19846 18
20428 19847 18
20000 19848 18
20295 19849 18
20000 19850 18
20791 19851 18
20000 19852 18
20495 19853 18
19760 19854 18
19994 19855 18
20559 19856 18
20003 19857 18
19760 19858 18
20791 19859 18
20791 19860 18
19760 19861 18
20000 19862 18
20000 19863 18
19739 19864 18
20358 19865 18
20791 19866 18
20037 19867 18
19760 19868 18
19990 19869 18
20000 19870 18
20148 19871 18
20295 19872 18
20468 19873 18
19760 19874 18
19760 19875 18
20090 19876 18
20358 19877 18
20391 19878 18
19739 19879 18
20468 19880 18
20000 19881 18
20000 19882 18
20591 19883 18
20295 19884 18
20295 19885 18
20003 19886 18
20255 19887 18
20295 19888 18
20090 19889 18
20469 19890 18
19760 19891 18
19739 19892 18
19448 19893 18
20588 19894 18
19739 19895 18
20468 19896 18
20000 19897 18
20295 19898 18
20000 19899 18
20090 19900 18
20007 19901 18
20120 19902 18
20000 19903 18
19739 19904 18
20021 19905 18
19965 19906 18
20459 19907 18
19760 19908 18
20295 19909 18
20000 19910 18
20715 19911 18
19760 19912 18
19594 19913 18
19824 19914 18
19760 19915 18
20295 19916 18
19760 19917 18
19760 19918 18
19760 19919 18
19990 19920 18
20003 19921 18
20468 19922 18
20295 19923 18
20358 19924 18
20791 19925 18
20791 19926 18
20588 19927 18
20819 19928 18
19760 19929 18
20000 19930 18
19708 19931 18
19760 19932 18
19688 19933 18
20591 19934 18
19760 19935 18
20591 19936 18
19760 19937 18
20090 19938 18
20561 19939 18
20090 19940 18
20358 19941 18
20468 19942 18
20468 19943 18
20591 19944 18
20316 19945 18
19760 19946 18
20791 19947 18
20133 19948 18
20358 19949 18
20000 19950 18
19856 19951 18
20131 19952 18
20588 19953 18
20791 19954 18
20295 19955 18
20791 19956 18
20090 19957 18
20358 19958 18
20295 19959 18
20791 19960 18
20791 19961 18
19760 19962 18
20295 19963 18
19760 19964 18
20434 19965 18
19760 19966 18
20375 19967 18
20715 19968 18
20591 19969 18
20000 19970 18
20295 19971 18
20000 19972 18
19505 19973 18
20251 19974 18
20468 19975 18
20295 19976 18
20295 19977 18
20358 19978 18
20000 19979 18
20247 19980 18
20295 19981 18
20715 19982 18
19760 19983 18
20752 19984 18
20295 19985 18
20255 19986 18
20037 19987 18
20295 19988 18
20358 19989 18
20090 19990 18
20090 19991 18
19467 19992 18
19805 19993 18
20090 19994 18
20591 19995 18
20000 19996 18
20247 19997 18
20000 19998 18
20295 19999 18
20295 20000 18
20000 20001 18
19760 20002 18
20459 20003 18
19760 20004 18
20308 20005 18
20000 20006 18
20090 20007 18
19913 20008 18
20037 20009 18
20000 20010 18
19760 20011 18
19808 20012 18
20021 20013 18
19688 20014 18
19760 20015 18
20605 20016 18
20791 20017 18
20791 20018 18
20000 20019 18
20000 20020 18
20459 20021 18
20000 20022 18
20000 20023 18
20000 20024 18
20295 20025 18
20000 20026 18
20295 20027 18
20003 20028 18
20000 20029 18
20295 20030 18
20468 20031 18
19805 20032 18
20791 20033 18
20295 20034 18
19733 20035 18
20791 20036 18
20295 20037 18
20591 20038 18
20295 20039 18
20811 20040 18
20123 20041 18
20591 20042 18
20000 20043 18
20358 20044 18
20255 20045 18
20255 20046 18
20000 20047 18
19889 20048 18
20295 20049 18
19994 20050 18
20003 20051 18
20000 20052 18
19990 20053 18
20358 20054 18
19760 20055 18
20605 20056 18
20591 20057 18
19800 20058 18
19760 20059 18
20295 20060 18
20000 20061 18
20358 20062 18
20000 20063 18
20791 20064 18
20791 20065 18
20468 20066 18
20295 20067 18
20000 20068 18
20003 20069 18
20295 20070 18
20316 20071 18
20591 20072 18
20295 20073 18
20358 20074 18
19760 20075 18
20791 20076 18
19824 20077 18
20791 20078 18
20468 20079 18
19760 20080 18
20000 20081 18
20591 20082 18
20316 20083 18
20003 20084 18
20791 20085 18
20791 20086 18
19760 20087 18
19688 20088 18
20255 20089 18
19732 20090 18
20415 20091 18
19760 20092 18
20358 20093 18
20358 20094 18
20591 20095 18
20791 20096 18
20000 20097 18
20791 20098 18
19760 20099 18
20468 20100 18
20591 20101 18
20468 20102 18
20591 20103 18
20791 20104 18
20295 20105 18
20000 20106 18
19462 20107 18
20003 20108 18
19462 20109 18
20358 20110 18
20468 20111 18
19760 20112 18
20353 20113 18
20000 20114 18
20358 20115 18
20791 20116 18
20468 20117 18
20468 20118 18
20791 20119 18
20295 20120 18
20000 20121 18
20295 20122 18
20090 20123 18
20295 20124 18
20791 20125 18
20791 20126 18
20791 20127 18
19760 20128 18
19760 20129 18
19760 20130 18
20434 20131 18
19760 20132 18
20295 20133 18
20408 20134 18
19760 20135 18
20000 20136 18
19760 20137 18
20295 20138 18
20295 20139 18
20591 20140 18
19575 20141 18
19760 20142 18
20000 20143 18
20791 20144 18
19805 20145 18
19505 20146 18
19760 20147 18
20003 20148 18
20591 20149 18
20791 20150 18
19760 20151 18
20358 20152 18
20358 20153 18
20791 20154 18
19642 20155 18
20295 20156 18
19760 20157 18
20295 20158 18
19760 20159 18
20295 20160 18
19760 20161 18
20060 20162 18
19760 20163 18
20295 20164 18
20295 20165 18
19994 20166 18
20358 20167 18
20232 20168 18
20000 20169 18
20358 20170 18
20260 20171 18
19791 20172 18
19760 20173 18
19760 20174 18
20415 20175 18
20000 20176 18
19462 20177 18
19760 20178 18
20791 20179 18
19760 20180 18
20003 20181 18
20000 20182 18
20133 20183 18
20000 20184 18
20000 20185 18
20791 20186 18
19889 20187 18
20295 20188 18
20791 20189 18
20591 20190 18
20000 20192 18
20595 20193 18
20588 20194 18
20000 20195 18
19739 20196 18
19760 20197 18
20358 20198 18
20000 20199 18
20021 20200 18
19760 20201 18
20468 20202 18
20000 20203 18
20700 20204 18
20791 20205 18
20021 20206 18
20295 20207 18
19462 20208 18
20000 20209 18
19760 20210 18
20591 20211 18
20791 20212 18
20295 20213 18
20000 20214 18
20358 20215 18
20791 20216 18
20000 20217 18
20295 20218 18
20588 20219 18
19760 20220 18
20295 20221 18
20791 20222 18
20791 20223 18
20591 20224 18
20791 20225 18
19760 20226 18
19760 20227 18
20000 20228 18
20415 20229 18
19782 20230 18
19884 20231 18
20591 20232 18
20090 20233 18
20003 20234 18
20000 20235 18
20700 20236 18
20295 20237 18
20791 20238 18
20295 20239 18
20468 20240 18
20295 20241 18
19760 20242 18
20777 20243 18
20000 20244 18
20559 20245 18
19760 20246 18
20003 20247 18
20295 20248 18
20522 20249 18
20459 20250 18
20003 20251 18
20255 20252 18
20591 20253 18
20468 20254 18
20591 20255 18
19760 20256 18
19760 20257 18
20791 20258 18
19760 20259 18
20090 20260 18
20358 20261 18
20000 20262 18
20021 20263 18
20358 20264 18
19739 20265 18
20591 20266 18
20295 20267 18
20295 20268 18
20000 20269 18
20591 20270 18
20255 20271 18
19760 20272 18
20295 20273 18
19760 20274 18
20255 20275 18
20000 20276 18
20468 20277 18
20791 20278 18
20591 20279 18
20295 20280 18
20358 20281 18
19760 20282 18
20314 20283 18
19739 20284 18
20295 20285 18
20000 20286 18
20090 20287 18
20791 20288 18
20000 20289 18
20295 20290 18
20325 20291 18
19808 20292 18
20591 20293 18
20468 20294 18
20191 20295 18
20715 20296 18
20090 20297 18
20000 20298 18
20344 20299 18
19760 20300 18
19760 20301 18
20791 20302 18
20595 20303 18
19739 20304 18
20295 20305 18
19760 20306 18
20000 20307 18
20090 20308 18
20791 20309 18
19760 20310 18
19760 20311 18
19940 20312 18
20791 20313 18
20588 20314 18
20591 20315 18
20003 20316 18
19867 20317 18
19760 20318 18
20000 20319 18
20000 20320 18
20791 20321 18
20791 20322 18
20468 20323 18
19668 20324 18
19760 20325 18
20791 20326 18
20358 20327 18
20459 20328 18
20295 20329 18
19760 20330 18
20468 20331 18
19760 20332 18
20295 20333 18
20358 20334 18
19990 20335 18
20295 20336 18
20090 20337 18
19760 20338 18
20000 20339 18
19760 20340 18
20791 20341 18
20232 20342 18
20000 20343 18
20791 20344 18
20295 20345 18
19760 20346 18
19760 20347 18
20003 20348 18
19739 20349 18
19760 20350 18
20468 20351 18
20255 20352 18
20090 20353 18
19760 20354 18
20468 20355 18
20295 20356 18
20000 20357 18
20591 20358 18
19760 20359 18
19760 20360 18
20000 20361 18
19760 20362 18
20003 20363 18
19739 20364 18
19760 20365 18
20295 20366 18
20295 20367 18
20358 20368 18
20295 20369 18
20791 20370 18
20000 20371 18
20295 20372 18
20791 20373 18
20295 20374 18
20715 20375 18
20715 20376 18
20791 20377 18
20000 20378 18
19462 20379 18
20237 20380 18
19739 20381 18
19760 20382 18
19889 20383 18
20000 20384 18
20000 20385 18
19990 20386 18
20000 20387 18
20000 20388 18
20295 20389 18
20148 20390 18
20591 20391 18
20591 20392 18
20295 20393 18
20491 20394 18
19760 20395 18
20591 20396 18
19462 20397 18
20295 20398 18
20003 20399 18
19984 20400 18
20000 20401 18
20415 20402 18
20000 20403 18
20791 20404 18
20415 20405 18
20791 20406 18
20000 20407 18
20003 20408 18
20791 20409 18
19760 20410 18
19760 20411 18
19760 20412 18
19760 20413 18
20791 20414 18
20000 20415 18
20000 20416 18
20358 20417 18
20791 20418 18
20791 20419 18
20591 20420 18
20428 20421 18
19760 20422 18
20791 20423 18
19760 20424 18
20295 20425 18
20297 20426 18
19760 20427 18
20295 20428 18
20295 20429 18
20673 20430 18
20000 20431 18
20358 20432 18
20715 20433 18
20003 20434 18
20255 20435 18
19760 20436 18
19900 20437 18
20358 20438 18
20000 20439 18
19739 20440 18
20591 20441 18
20255 20442 18
19739 20443 18
19462 20444 18
19462 20445 18
20295 20446 18
20000 20447 18
20165 20448 18
19462 20449 18
20295 20450 18
20003 20451 18
19527 20452 18
20000 20453 18
19938 20454 18
20468 20455 18
19760 20456 18
19957 20457 18
19739 20458 18
20191 20459 18
20295 20460 18
20007 20461 18
19760 20462 18
19739 20463 18
20468 20464 18
20747 20465 18
20000 20466 18
20000 20467 18
20591 20468 18
20591 20469 18
19760 20470 18
20740 20471 18
19516 20472 18
20255 20473 18
19760 20474 18
20000 20475 18
19760 20476 18
20791 20477 18
20791 20478 18
19957 20479 18
19668 20480 18
19760 20481 18
19760 20482 18
20591 20483 18
20000 20484 18
20255 20485 18
20260 20486 18
19760 20487 18
20295 20488 18
20000 20489 18
20000 20490 18
19760 20491 18
19760 20492 18
20316 20493 18
20468 20494 18
20000 20495 18
20000 20496 18
20000 20497 18
20000 20498 18
19760 20499 18
20000 20500 18
20295 20501 18
20021 20502 18
20508 20503 18
20295 20504 18
20791 20505 18
19961 20506 18
20358 20507 18
20090 20508 18
20021 20509 18
20358 20510 18
19527 20511 18
20468 20512 18
20000 20513 18
20559 20514 18
20591 20515 18
19906 20516 18
20595 20517 18
20358 20518 18
20591 20519 18
19990 20520 18
20003 20521 18
20003 20522 18
20591 20523 18
20495 20524 18
20791 20525 18
20459 20526 18
20000 20527 18
20791 20528 18
20148 20529 18
20295 20530 18
20000 20531 18
20000 20532 18
20791 20533 18
20000 20534 18
20000 20535 18
20000 20536 18
20003 20537 18
20000 20538 18
19760 20539 18
20000 20540 18
19760 20541 18
20358 20542 18
20616 20543 18
20091 20544 18
20316 20545 18
20353 20546 18
20468 20547 18
19739 20548 18
20003 20549 18
20297 20550 18
20295 20551 18
20000 20552 18
20673 20553 18
19462 20554 18
20468 20555 18
20295 20556 18
19760 20557 18
20003 20558 18
19760 20559 18
19760 20560 18
20295 20561 18
20255 20562 18
20363 20563 18
19760 20564 18
20295 20565 18
20791 20566 18
19596 20567 18
20000 20568 18
20791 20569 18
20295 20570 18
20000 20571 18
20295 20572 18
19760 20573 18
20000 20574 18
19739 20575 18
20791 20576 18
20591 20577 18
20000 20578 18
20468 20579 18
20021 20580 18
20295 20581 18
19760 20582 18
19760 20583 18
20131 20584 18
20508 20585 18
20791 20586 18
20003 20587 18
20591 20588 18
19760 20589 18
20791 20590 18
20191 20591 18
20468 20592 18
19760 20593 18
20791 20594 18
20090 20595 18
20591 20596 18
20459 20597 18
20791 20598 18
20000 20599 18
20295 20600 18
20791 20601 18
20000 20602 18
20000 20603 18
20000 20604 18
20090 20605 18
20791 20606 18
19760 20607 18
20295 20608 18
20591 20609 18
20358 20610 18
20000 20611 18
19760 20612 18
20295 20613 18
20000 20614 18
20295 20615 18
19462 20616 18
20468 20617 18
20468 20618 18
19760 20619 18
20468 20620 18
19760 20621 18
20588 20622 18
20791 20623 18
19760 20624 18
20000 20625 18
20295 20626 18
20791 20627 18
20295 20628 18
20468 20629 18
20559 20630 18
19667 20631 18
20791 20632 18
20295 20633 18
19760 20634 18
19760 20635 18
20791 20636 18
19698 20637 18
19760 20638 18
20148 20639 18
20459 20640 18
20003 20641 18
20000 20642 18
20408 20643 18
20791 20644 18
20522 20645 18
20000 20646 18
20295 20647 18
20247 20648 18
20791 20649 18
20003 20650 18
20358 20651 18
20735 20652 18
20295 20653 18
20000 20654 18
20791 20655 18
20591 20656 18
20468 20657 18
20295 20658 18
20791 20659 18
20468 20660 18
19760 20661 18
20000 20662 18
20791 20663 18
19739 20664 18
20627 20665 18
20468 20666 18
20791 20667 18
20791 20668 18
19467 20669 18
20021 20670 18
19760 20671 18
19760 20672 18
20000 20673 18
19760 20674 18
20468 20675 18
20468 20676 18
20468 20677 18
20003 20678 18
20591 20679 18
20295 20680 18
20591 20681 18
20295 20682 18
20000 20683 18
19760 20684 18
20358 20685 18
20000 20686 18
20295 20687 18
19760 20688 18
20791 20689 18
19760 20690 18
19760 20691 18
20000 20692 18
20295 20693 18
20295 20694 18
20295 20695 18
20739 20696 18
20000 20697 18
20468 20698 18
19760 20699 18
19760 20700 18
20791 20701 18
20232 20702 18
20595 20703 18
20791 20704 18
20295 20705 18
19760 20706 18
20148 20707 18
20021 20708 18
20003 20709 18
20811 20710 18
19467 20711 18
19760 20712 18
19760 20713 18
20090 20714 18
20591 20715 18
20295 20716 18
20000 20717 18
20000 20718 18
20000 20719 18
20021 20720 18
20791 20721 18
20090 20722 18
20468 20723 18
19462 20724 18
20591 20725 18
20295 20726 18
19940 20727 18
20468 20728 18
20673 20729 18
19739 20730 18
19800 20731 18
20000 20732 18
20468 20733 18
20255 20734 18
20591 20735 18
20295 20736 18
19760 20737 18
20295 20738 18
20591 20739 18
20090 20740 18
20295 20741 18
20358 20742 18
20090 20743 18
20468 20744 18
20609 20745 18
20591 20746 18
19760 20747 18
20791 20748 18
20000 20749 18
20791 20750 18
20000 20751 18
20003 20752 18
20595 20753 18
19760 20754 18
20021 20755 18
20791 20756 18
20791 20757 18
19760 20758 18
19760 20759 18
19760 20760 18
20791 20761 18
20255 20762 18
20791 20763 18
20295 20764 18
20522 20765 18
20000 20766 18
20295 20767 18
20000 20768 18
19760 20769 18
20383 20770 18
20358 20771 18
20591 20772 18
20295 20773 18
20358 20774 18
20358 20775 18
20791 20776 18
20791 20777 18
19760 20778 18
20591 20779 18
20551 20780 18
20000 20781 18
20000 20782 18
20415 20783 18
19760 20784 18
19760 20785 18
20358 20786 18
20791 20787 18
19760 20788 18
20003 20789 18
19760 20790 18
20459 20791 18
20316 20792 18
20000 20793 18
20295 20794 18
20791 20795 18
20791 20796 18
19760 20797 18
20591 20798 18
20791 20799 18
20791 20800 18
20468 20801 18
20000 20802 18
19760 20803 18
20295 20804 18
20000 20805 18
20000 20806 18
20588 20807 18
19760 20808 18
20000 20809 18
20791 20810 18
20561 20811 18
20791 20812 18
20000 20813 18
20255 20814 18
19760 20815 18
20255 20816 18
20295 20817 18
20591 20818 18
19760 20819 18
