13377 13360 24
13377 13361 24
13377 13368 24
13378 13360 24
13378 13361 24
13378 13368 24
13378 13367 24
13378 13369 24
13378 13375 24
13378 13366 24
13523 13524 24
13523 13525 24
13523 13526 24
13524 13528 24
13524 13529 24
13524 13530 24
13524 13531 24
13525 13532 24
13525 13533 24
13525 13534 24
13525 13535 24
13525 13536 24
13525 13537 24
13525 13538 24
13525 13539 24
13526 13540 24
13526 13541 24
13526 13542 24
13527 13551 24
13527 13552 24
13527 13553 24
13532 13554 24
13532 13555 24
13532 13556 24
13539 13557 24
13539 13558 24
13539 13559 24
13540 13543 24
13540 13544 24
13540 13545 24
13540 13546 24
13541 13547 24
13541 13548 24
13542 13549 24
13542 13550 24
