13314 13360 23
13314 13367 23
13314 13368 23
13314 13361 23
13314 13366 23
13314 13369 23
13314 13370 23
13314 13374 23
13314 13372 23
13314 13373 23
13314 13375 23
13314 13371 23
13314 13469 23
13314 13470 23
13314 13377 23
13314 13378 23
13314 13379 23
13314 13382 23
13314 13383 23
13314 13384 23
13314 13385 23
13314 13386 23
13314 13387 23
13314 13388 23
13314 13389 23
13314 13390 23
13314 13391 23
13314 13392 23
13314 13395 23
13314 13396 23
13314 13397 23
13314 13398 23
13314 13403 23
13314 13410 23
13314 13414 23
13314 13399 23
13314 13400 23
13314 13401 23
13314 13402 23
13314 13404 23
13314 13405 23
13314 13406 23
13314 13407 23
13314 13408 23
13314 13409 23
13314 13411 23
13314 13415 23
13314 13381 23
13314 13380 23
13315 13360 23
13315 13367 23
13315 13368 23
13315 13361 23
13315 13366 23
13315 13369 23
13315 13370 23
13315 13374 23
13315 13376 23
13315 13372 23
13315 13373 23
13315 13375 23
13315 13359 23
13315 13362 23
13315 13371 23
13315 13469 23
13315 13470 23
13315 13377 23
13315 13378 23
13315 13379 23
13315 13382 23
13315 13383 23
13315 13384 23
13315 13385 23
13315 13386 23
13315 13387 23
13315 13388 23
13315 13389 23
13315 13390 23
13315 13391 23
13315 13392 23
13315 13393 23
13315 13394 23
13315 13395 23
13315 13396 23
13315 13397 23
13315 13398 23
13315 13403 23
13315 13410 23
13315 13414 23
13315 13399 23
13315 13400 23
13315 13401 23
13315 13402 23
13315 13404 23
13315 13405 23
13315 13406 23
13315 13407 23
13315 13408 23
13315 13409 23
13315 13411 23
13315 13412 23
13315 13413 23
13315 13415 23
13315 13381 23
13315 13380 23
13316 13363 23
13316 13364 23
13316 13365 23
13317 13464 23
13317 13465 23
13317 13466 23
13317 13467 23
13317 13468 23
13317 13479 23
13317 13480 23
13317 13481 23
13317 13482 23
13317 13483 23
13317 13484 23
13317 13485 23
13318 13452 23
13318 13453 23
13318 13454 23
13318 13455 23
13318 13486 23
13318 13487 23
13318 13488 23
13318 13489 23
13318 13490 23
13318 13474 23
13318 13475 23
13320 13456 23
13320 13457 23
13320 13458 23
13320 13459 23
13320 13460 23
13320 13461 23
13320 13476 23
13320 13477 23
13325 13462 23
13325 13463 23
13325 13514 23
13325 13515 23
13325 13522 23
13325 13516 23
13325 13517 23
13325 13518 23
13325 13519 23
13325 13520 23
13325 13521 23
13325 13491 23
13325 13492 23
13325 13493 23
13325 13494 23
13325 13495 23
13325 13496 23
13325 13498 23
13325 13500 23
13325 13502 23
13325 13503 23
13325 13504 23
13325 13505 23
13325 13507 23
13325 13509 23
13325 13511 23
13325 13513 23
13326 13471 23
13326 13472 23
13326 13473 23
13327 13523 23
13327 13527 23
13327 13560 23
