18607 1 17
18607 2 17
18607 3 17
18607 4 17
18607 5 17
18607 6 17
18607 7 17
18607 8 17
18551 9 17
18472 10 17
18472 11 17
18551 12 17
18472 13 17
18472 14 17
18472 15 17
18607 16 17
18943 17 17
18943 18 17
18943 19 17
18943 20 17
18943 21 17
18943 22 17
18943 23 17
18943 24 17
18943 25 17
18943 26 17
18943 27 17
18652 28 17
18652 29 17
18652 30 17
18652 31 17
18652 32 17
18943 33 17
18943 34 17
18652 35 17
18943 6 17
18943 37 17
18943 38 17
18943 39 17
18943 40 17
18943 41 17
18943 42 17
18943 43 17
18943 44 17
18943 45 17
18943 46 17
18943 47 17
19359 48 17
19359 49 17
19359 50 17
19359 51 17
19359 52 17
19359 53 17
19359 54 17
19359 55 17
19359 56 17
19359 57 17
19359 58 17
19359 59 17
19359 60 17
19359 61 17
19359 62 17
19359 63 17
19359 64 17
19359 65 17
19359 66 17
19359 67 17
19359 68 17
19359 69 17
19359 70 17
19359 71 17
19359 72 17
19359 73 17
19359 74 17
19359 75 17
19359 76 17
19359 77 17
19359 78 17
19359 79 17
19359 80 17
19359 81 17
19359 82 17
19359 83 17
19359 84 17
19359 85 17
19359 86 17
19359 87 17
19359 88 17
19359 89 17
19359 90 17
19359 91 17
19359 92 17
19359 93 17
19359 94 17
19359 95 17
19359 96 17
19359 97 17
19359 98 17
19359 99 17
19359 100 17
19359 101 17
19359 102 17
19359 103 17
19359 104 17
19359 105 17
19359 106 17
19359 107 17
19359 108 17
19359 109 17
19359 110 17
19359 111 17
19359 112 17
19359 113 17
19359 114 17
19359 115 17
19359 116 17
19359 117 17
19359 118 17
19359 119 17
19359 120 17
19359 121 17
19359 122 17
19359 123 17
19359 124 17
19359 125 17
19359 126 17
19359 127 17
19359 128 17
19359 129 17
19359 130 17
19359 131 17
19359 132 17
19359 133 17
19359 134 17
19359 135 17
19359 136 17
19359 137 17
19359 138 17
19359 139 17
19359 140 17
19359 141 17
19359 142 17
19359 143 17
19359 144 17
19359 145 17
19359 146 17
19359 147 17
19359 148 17
19359 149 17
19359 150 17
19359 151 17
19359 152 17
19359 153 17
19359 154 17
19359 155 17
19359 156 17
19359 157 17
19359 158 17
19359 159 17
19359 160 17
19359 161 17
19359 162 17
19359 163 17
19359 164 17
19359 165 17
19359 166 17
19359 167 17
19359 168 17
19359 169 17
19359 170 17
19359 171 17
19359 172 17
19359 173 17
19359 174 17
19359 175 17
19359 176 17
19359 177 17
19359 178 17
19359 179 17
19359 180 17
19359 181 17
19359 182 17
19359 183 17
19359 184 17
19359 185 17
19359 186 17
19359 187 17
19359 188 17
19359 189 17
19359 190 17
19359 191 17
19359 192 17
19359 193 17
19359 194 17
19359 195 17
19359 196 17
19359 197 17
19359 198 17
19359 199 17
19359 200 17
19359 201 17
19359 202 17
19359 203 17
19359 204 17
19359 205 17
19359 206 17
19359 207 17
19359 208 17
19359 209 17
19359 210 17
19359 211 17
19359 212 17
19359 213 17
19359 214 17
19359 215 17
19359 216 17
19359 217 17
19359 218 17
19359 219 17
19359 220 17
19359 221 17
19359 222 17
19359 223 17
19359 224 17
19359 225 17
19359 226 17
19359 227 17
19359 228 17
19359 229 17
19359 230 17
19359 231 17
19359 232 17
19359 233 17
19359 234 17
19359 235 17
19359 236 17
19359 237 17
19359 238 17
19359 239 17
19359 240 17
19359 241 17
19359 242 17
19359 243 17
19359 244 17
19359 245 17
19359 246 17
19359 247 17
19359 248 17
19359 249 17
19359 250 17
19359 251 17
19359 252 17
19359 253 17
19359 254 17
19359 255 17
19359 256 17
19359 257 17
19359 258 17
19359 259 17
19359 260 17
19359 261 17
19359 262 17
19359 263 17
19359 264 17
19359 265 17
19359 266 17
19359 267 17
19359 268 17
19359 269 17
19359 270 17
19359 271 17
19359 272 17
19359 273 17
19359 274 17
19359 275 17
19359 276 17
19359 277 17
19359 278 17
19359 279 17
19359 280 17
19359 281 17
19359 282 17
19359 283 17
19359 284 17
19359 285 17
19359 286 17
19359 287 17
19359 288 17
19359 289 17
19359 290 17
19359 291 17
19359 292 17
19359 293 17
19359 294 17
19359 295 17
19359 296 17
19359 297 17
19359 298 17
19359 299 17
19359 300 17
19359 301 17
19359 302 17
19359 303 17
19359 304 17
19359 305 17
19359 306 17
19359 307 17
19359 308 17
19359 309 17
19359 310 17
19359 311 17
19359 312 17
19359 313 17
19359 314 17
19359 315 17
19359 316 17
19359 317 17
19359 318 17
19359 319 17
19359 320 17
19359 321 17
19359 322 17
19359 323 17
19359 324 17
19359 325 17
19359 326 17
19359 327 17
19359 328 17
19359 329 17
19359 330 17
19359 331 17
19359 332 17
19359 333 17
19359 334 17
19359 335 17
19359 336 17
19359 337 17
19359 338 17
19359 339 17
19359 340 17
19359 341 17
