13359 21081 22
13360 21082 22
13361 21083 22
13362 21084 22
13362 21085 22
13366 21086 22
13367 21081 22
13368 21087 22
13368 21088 22
13369 21089 22
13370 21090 22
13371 21091 22
13372 21081 22
13373 21092 22
13374 21093 22
13375 21094 22
13375 21095 22
13375 21096 22
13375 21085 22
13376 21081 22
13377 21081 22
13378 21081 22
13379 21081 22
13380 21097 22
13381 21097 22
13382 21097 22
13383 21097 22
13384 21097 22
13385 21097 22
13386 21097 22
13387 21097 22
13388 21097 22
13389 21097 22
13390 21097 22
13391 21097 22
13392 21097 22
13393 21097 22
13394 21097 22
13395 21097 22
13396 21097 22
13397 21097 22
13398 21097 22
13399 21097 22
13400 21097 22
13401 21097 22
13402 21097 22
13403 21097 22
13404 21097 22
13405 21097 22
13406 21097 22
13407 21097 22
13408 21097 22
13409 21097 22
13410 21097 22
13411 21097 22
13412 21097 22
13413 21097 22
13414 21097 22
13415 21097 22
