18551 10981 20
18551 10982 20
18551 10983 20
18551 10984 20
18551 10985 20
18551 10986 20
18551 10987 20
18551 10988 20
18551 10989 20
18551 10990 20
18551 10991 20
18551 10992 20
18551 10993 20
18551 10994 20
18551 10995 20
18551 10996 20
18551 10997 20
18551 10998 20
18551 10999 20
18551 11000 20
18551 11001 20
18551 11002 20
18551 11003 20
18551 11004 20
18551 11005 20
18551 11006 20
18551 11007 20
18551 11008 20
18551 11009 20
18551 11010 20
18551 11011 20
18472 11012 20
18472 11013 20
18472 11014 20
18472 11015 20
18472 11016 20
18472 11017 20
18472 11018 20
18472 11019 20
18472 11020 20
18472 11021 20
18472 11022 20
18472 11023 20
18472 11024 20
18472 11025 20
18472 11026 20
18472 11027 20
18472 11028 20
18472 11029 20
18472 11030 20
18472 11031 20
18472 11032 20
18472 11033 20
18472 11034 20
18472 11035 20
18472 11036 20
18472 11037 20
18472 11038 20
18472 11039 20
18607 11040 20
18607 11041 20
18607 11042 20
18607 11043 20
18607 11044 20
18607 11045 20
18472 11047 20
18472 11048 20
18631 11049 20
18631 11050 20
18472 11051 20
18472 11052 20
18472 11053 20
18472 11054 20
18472 11055 20
18472 11056 20
18551 11057 20
18551 11058 20
18551 11059 20
18551 11060 20
18551 11061 20
18551 11062 20
18551 11063 20
18551 11064 20
18551 11065 20
18551 11066 20
18551 11067 20
18551 11068 20
18551 11070 20
18551 11071 20
18551 11072 20
18551 11073 20
18472 11074 20
18459 11075 20
18459 11076 20
18459 11077 20
18459 11078 20
19055 11079 20
18551 11080 20
18551 11081 20
18551 11082 20
18551 11083 20
18472 11084 20
18472 11085 20
18461 11086 20
18459 11087 20
18459 11088 20
18459 11089 20
18551 11090 20
18551 11091 20
18631 11092 20
18472 11093 20
18652 11094 20
18652 11095 20
18652 11096 20
18652 11097 20
18652 11098 20
18652 11099 20
18652 11100 20
18652 11101 20
18652 11014 20
18652 10981 20
18652 10982 20
18652 11105 20
18652 11106 20
18652 11107 20
18652 11108 20
18652 11109 20
18652 11110 20
18652 11111 20
18652 11112 20
18652 11019 20
18652 11020 20
18652 11115 20
18652 11116 20
18652 11117 20
18652 11118 20
18652 11119 20
18652 10983 20
18652 11121 20
18652 11029 20
18652 11123 20
18652 11124 20
18652 11033 20
18652 10993 20
18652 10994 20
18652 10995 20
18652 10996 20
18652 11130 20
18652 11131 20
18652 11132 20
18652 11133 20
18652 11134 20
18652 11135 20
18652 11136 20
18652 10997 20
18652 10998 20
18652 10999 20
18652 11000 20
18652 11141 20
18652 11142 20
18652 11143 20
18652 11144 20
18652 11145 20
18652 11146 20
18652 11147 20
18652 11148 20
18652 11149 20
18652 11150 20
18652 11151 20
18652 11152 20
18652 11153 20
18652 11154 20
18652 11155 20
18652 11156 20
18652 11157 20
18652 11158 20
18652 11159 20
18652 11160 20
18652 11161 20
18652 11162 20
18652 11163 20
18652 11164 20
18652 11165 20
18652 11166 20
18652 11167 20
18652 11034 20
18652 11169 20
18652 11170 20
18652 11171 20
18652 11036 20
18652 11037 20
18652 11174 20
18652 11175 20
18652 11002 20
18652 11177 20
18652 11178 20
18652 11005 20
18652 11180 20
18652 11181 20
18652 11006 20
18652 11183 20
18652 11184 20
18652 11007 20
18652 11186 20
18652 11187 20
18652 11188 20
18652 11189 20
18652 11190 20
18652 11191 20
18652 11192 20
18652 11193 20
18652 11008 20
18652 11009 20
18652 11196 20
18652 11010 20
18652 11011 20
18652 11199 20
18652 11200 20
18652 11201 20
18652 11202 20
18652 11203 20
18943 11204 20
18943 11205 20
18943 11206 20
18943 11207 20
18943 11208 20
18943 11209 20
18943 11210 20
18943 11211 20
18943 11212 20
18943 11213 20
18943 11214 20
18943 11215 20
18652 11220 20
18652 11221 20
18652 11222 20
18652 11223 20
18652 11224 20
18652 11059 20
18652 11226 20
18652 11227 20
18652 11228 20
18652 11229 20
18652 11230 20
18652 11231 20
18652 11232 20
18652 11064 20
18652 11234 20
18652 11066 20
18652 11068 20
18652 11237 20
19347 11257 20
19346 11257 20
19347 11258 20
19346 11258 20
19347 11259 20
19346 11259 20
18652 11260 20
18652 11261 20
18652 11262 20
18652 11263 20
18652 11264 20
18652 11265 20
18652 11266 20
18652 11267 20
18652 11268 20
18652 11269 20
18652 11270 20
18652 11271 20
18652 11272 20
18652 11273 20
18652 11274 20
18652 11275 20
18652 11276 20
18652 11277 20
18652 11278 20
18652 11279 20
18652 11280 20
18652 11281 20
18652 11282 20
18652 11283 20
18652 11284 20
18652 11285 20
18652 11286 20
18652 11287 20
18652 11288 20
18652 11289 20
18652 11290 20
18652 11291 20
18652 11292 20
18652 11293 20
18652 11294 20
18652 11295 20
18652 11296 20
18652 11297 20
18652 11298 20
18652 11058 20
19359 11303 20
19359 11304 20
19359 11305 20
19347 11306 20
19346 11306 20
19307 11307 20
19427 11312 20
19427 11313 20
19347 11316 20
19346 11316 20
19367 11317 20
19347 11319 20
19346 11319 20
19417 11200 20
19347 11322 20
19346 11322 20
19347 11323 20
19346 11323 20
19347 11324 20
19346 11324 20
19347 11325 20
19346 11325 20
19347 11326 20
19346 11326 20
19114 11327 20
19125 11328 20
19128 11330 20
19116 11332 20
19118 11338 20
19222 11339 20
19260 11340 20
19256 11342 20
19135 11348 20
19231 11352 20
19165 11353 20
19164 11354 20
19167 11355 20
19139 11356 20
19273 11357 20
19181 11361 20
19162 11362 20
19162 11363 20
19152 11364 20
