18607 18459 18
18459 18460 18
18459 18461 18
18459 18462 18
18460 18463 18
18472 18464 18
18472 18465 18
18472 18466 18
18472 18467 18
18472 18468 18
18472 18469 18
18472 18470 18
18472 18471 18
18607 18472 18
18472 18473 18
18472 18474 18
18472 18475 18
18607 18476 18
18472 18477 18
18607 18478 18
18472 18479 18
18472 18480 18
18472 18481 18
18472 18482 18
18472 18483 18
18472 18484 18
18459 18485 18
18472 18486 18
18472 18487 18
18472 18488 18
18472 18489 18
18472 18490 18
18472 18491 18
18459 18492 18
18472 18493 18
18472 18494 18
18607 18495 18
18459 18496 18
18459 18497 18
18459 18498 18
18472 18499 18
18472 18501 18
18607 18502 18
18607 18503 18
18472 18504 18
18472 18505 18
18472 18506 18
18472 18507 18
18472 18508 18
18472 18509 18
18607 18510 18
18472 18511 18
18459 18512 18
18472 18513 18
18472 18514 18
18607 18515 18
18472 18516 18
18472 18517 18
18472 18518 18
18472 18519 18
18472 18520 18
18472 18521 18
18472 18522 18
18472 18523 18
18472 18524 18
18472 18525 18
18472 18526 18
18472 18527 18
18472 18528 18
18472 18529 18
18472 18530 18
18472 18531 18
18472 18532 18
18472 18533 18
18472 18534 18
18607 18535 18
18607 18536 18
18536 18537 18
18472 18538 18
18607 18539 18
18472 18540 18
18607 18541 18
18472 18542 18
18472 18543 18
18472 18544 18
18472 18545 18
18607 18546 18
18472 18547 18
18607 18548 18
18607 18549 18
18607 18550 18
18607 18551 18
18551 18552 18
18551 18553 18
18551 18554 18
18607 18555 18
18607 18556 18
18607 18557 18
18551 18558 18
18551 18559 18
18551 18560 18
18607 18561 18
18551 18562 18
18551 18563 18
18551 18564 18
18551 18565 18
18551 18566 18
18607 18567 18
18607 18568 18
18607 18569 18
18647 18570 18
18607 18571 18
18607 18572 18
18607 18573 18
18549 18574 18
18607 18575 18
18549 18576 18
18607 18577 18
18551 18578 18
18607 18579 18
18607 18580 18
18551 18581 18
18643 18582 18
18648 18583 18
18549 18584 18
18551 18585 18
18607 18586 18
18607 18587 18
18607 18588 18
18551 18589 18
18551 18590 18
18551 18591 18
18551 18592 18
18607 18593 18
18607 18594 18
18607 18595 18
18549 18596 18
18607 18597 18
18607 18598 18
18607 18599 18
18607 18600 18
18551 18601 18
18607 18602 18
18647 18603 18
18551 18604 18
18551 18605 18
18629 18606 18
19358 18607 18
18607 18608 18
18607 18609 18
18607 18610 18
18607 18611 18
18607 18612 18
18607 18613 18
18607 18614 18
18607 18615 18
18607 18616 18
18607 18617 18
18607 18618 18
18607 18619 18
18607 18620 18
18607 18621 18
18644 18622 18
18607 18623 18
18617 18624 18
18607 18625 18
18607 18626 18
18607 18627 18
18607 18628 18
18607 18629 18
18607 18630 18
18551 18631 18
18551 18632 18
18551 18633 18
18551 18634 18
18551 18635 18
18630 18636 18
18551 18637 18
18607 18638 18
18607 18639 18
18607 18640 18
18607 18641 18
18551 18642 18
18607 18643 18
18607 18644 18
18607 18645 18
18607 18646 18
18607 18647 18
18607 18648 18
18607 18649 18
18607 18650 18
18551 18651 18
18943 18652 18
18652 18653 18
18652 18654 18
18652 18655 18
18652 18656 18
18943 18657 18
18652 18658 18
18652 18659 18
18652 18660 18
18652 18661 18
18652 18662 18
18652 18663 18
18943 18665 18
18652 18666 18
18652 18667 18
18652 18668 18
18652 18669 18
18652 18670 18
18652 18671 18
18652 18672 18
18652 18673 18
18663 18674 18
18653 18675 18
18943 18676 18
18943 18677 18
18943 18678 18
18652 18679 18
18943 18680 18
18652 18681 18
18652 18682 18
18652 18683 18
18652 18684 18
18652 18685 18
18652 18686 18
18652 18687 18
18652 18688 18
18652 18689 18
18943 18690 18
18652 18691 18
18652 18692 18
18943 18693 18
18693 18694 18
18693 18695 18
18652 18696 18
18652 18697 18
18943 18698 18
18652 18699 18
18652 18700 18
18652 18701 18
18663 18702 18
18663 18703 18
18663 18704 18
18663 18705 18
18663 18706 18
18708 18707 18
18943 18708 18
18708 18709 18
18707 18710 18
18943 18711 18
18663 18712 18
18663 18713 18
18663 18714 18
18714 18715 18
18652 18716 18
18943 18717 18
18652 18718 18
18889 18719 18
18943 18720 18
18652 18721 18
18652 18722 18
18652 18723 18
18652 18724 18
18943 18725 18
18731 18726 18
18731 18727 18
18727 18728 18
18727 18729 18
18727 18730 18
18943 18731 18
18727 18732 18
18732 18733 18
18652 18734 18
18943 18735 18
18652 18736 18
18943 18737 18
18652 18738 18
18717 18739 18
18943 18740 18
18652 18741 18
18652 18742 18
18652 18743 18
18652 18744 18
18652 18745 18
18708 18746 18
18943 18747 18
18652 18749 18
18943 18750 18
18652 18751 18
18652 18752 18
18943 18753 18
18652 18754 18
18652 18755 18
18652 18756 18
18725 18757 18
18652 18758 18
18943 18759 18
18652 18760 18
18652 18761 18
18652 18762 18
18652 18763 18
18652 18764 18
18652 18765 18
18652 18766 18
18652 18767 18
18652 18768 18
18652 18769 18
18652 18770 18
18652 18771 18
18652 18772 18
18652 18773 18
18652 18774 18
18652 18775 18
18652 18776 18
18652 18777 18
18652 18778 18
18652 18779 18
18943 18780 18
18652 18781 18
18652 18782 18
18652 18783 18
18652 18784 18
18652 18785 18
18652 18786 18
18652 18787 18
18652 18788 18
18652 18789 18
18652 18790 18
18652 18791 18
18652 18792 18
18652 18793 18
18652 18794 18
18652 18795 18
18777 18796 18
18652 18797 18
18652 18798 18
18652 18799 18
18652 18800 18
18652 18801 18
18652 18802 18
18652 18803 18
18652 18804 18
18652 18805 18
18652 18806 18
18652 18807 18
18652 18808 18
18652 18809 18
18652 18810 18
18652 18811 18
18652 18812 18
18652 18813 18
18652 18814 18
18652 18815 18
18652 18816 18
18652 18817 18
18652 18818 18
18652 18819 18
18652 18820 18
18652 18821 18
18652 18822 18
18652 18823 18
18652 18824 18
18652 18825 18
18652 18826 18
18652 18827 18
18652 18828 18
18652 18829 18
18652 18830 18
18652 18831 18
18652 18832 18
18652 18833 18
18652 18834 18
18652 18835 18
18652 18836 18
18652 18837 18
18652 18838 18
18652 18839 18
18652 18840 18
18652 18841 18
18652 18842 18
18652 18843 18
18652 18844 18
18652 18845 18
18652 18846 18
18652 18847 18
18652 18848 18
18652 18849 18
18652 18850 18
18943 18851 18
18652 18852 18
18943 18853 18
18652 18854 18
18943 18855 18
18652 18856 18
18652 18857 18
18866 18858 18
18870 18859 18
18874 18860 18
18877 18861 18
18866 18862 18
18943 18863 18
18652 18864 18
18652 18865 18
18652 18866 18
18943 18867 18
18652 18868 18
18652 18869 18
18652 18870 18
18943 18871 18
18652 18872 18
18867 18873 18
18652 18874 18
18943 18875 18
18652 18876 18
18652 18877 18
18877 18878 18
18871 18879 18
18875 18880 18
18874 18881 18
18943 18882 18
18882 18883 18
18870 18884 18
18874 18885 18
18943 18886 18
18943 18887 18
18889 18888 18
18943 18889 18
18943 18890 18
18943 18891 18
18943 18892 18
18943 18893 18
18943 18894 18
18943 18895 18
18943 18896 18
18943 18897 18
18943 18898 18
18898 18899 18
18943 18900 18
18943 18901 18
18943 18902 18
18943 18903 18
18943 18904 18
18943 18905 18
18943 18906 18
18943 18907 18
18943 18908 18
18943 18909 18
18943 18910 18
18943 18911 18
18943 18912 18
18917 18913 18
18943 18914 18
18943 18915 18
18943 18916 18
18943 18917 18
18943 18918 18
18943 18919 18
18943 18920 18
18943 18921 18
18943 18922 18
18943 18923 18
18943 18924 18
18943 18925 18
18943 18926 18
18943 18927 18
18943 18928 18
18943 18929 18
18940 18930 18
18943 18931 18
18943 18932 18
18943 18933 18
18943 18934 18
18943 18935 18
18943 18936 18
18943 18937 18
18943 18938 18
19057 18939 18
18943 18940 18
18943 18941 18
18943 18942 18
19358 18943 18
18943 18944 18
19057 18945 18
19057 18946 18
18943 18947 18
19057 18948 18
19057 18949 18
19057 18950 18
18943 18951 18
18961 18952 18
18943 18953 18
18943 18954 18
19057 18955 18
18943 18956 18
18943 18957 18
18943 18958 18
18943 18959 18
19057 18960 18
19057 18961 18
18943 18962 18
18943 18963 18
18943 18964 18
19057 18965 18
19057 18966 18
18943 18967 18
18943 18968 18
18971 18969 18
18971 18970 18
18943 18971 18
18943 18972 18
18972 18973 18
18943 18974 18
18943 18975 18
18943 18976 18
18943 18977 18
18943 18978 18
18970 18979 18
18970 18980 18
18943 18981 18
18943 18982 18
18943 18983 18
18943 18984 18
18943 18985 18
18943 18986 18
18943 18987 18
18943 18988 18
18943 18989 18
18943 18990 18
18943 18991 18
18943 18992 18
18943 18993 18
18943 18994 18
18943 18995 18
18943 18996 18
18943 18997 18
18943 18998 18
18993 18999 18
18943 19000 18
18943 19001 18
18943 19002 18
18943 19003 18
18943 19004 18
18943 19005 18
18652 19006 18
18652 19007 18
18652 19008 18
18652 19009 18
18652 19010 18
18652 19011 18
18652 19012 18
18652 19013 18
18652 19014 18
18652 19015 18
18652 19016 18
18652 19017 18
18652 19018 18
18652 19019 18
18652 19020 18
18652 19021 18
18652 19022 18
18652 19023 18
18652 19024 18
18652 19025 18
18652 19026 18
18652 19027 18
18652 19028 18
18652 19029 18
18652 19030 18
18652 19031 18
18652 19032 18
18652 19033 18
18652 19034 18
18652 19035 18
18652 19036 18
18652 19037 18
18652 19038 18
18652 19039 18
18652 19040 18
18652 19041 18
18652 19042 18
18652 19043 18
18652 19044 18
18652 19045 18
18652 19046 18
18652 19047 18
18652 19048 18
18721 19049 18
18652 19050 18
18652 19051 18
19057 19052 18
18943 19053 18
18943 19054 18
18943 19055 18
18943 19056 18
18943 19057 18
18943 19058 18
19057 19059 18
18943 19060 18
19057 19061 18
18943 19062 18
19057 19063 18
18943 19064 18
18943 19065 18
18943 19066 18
18943 19067 18
19057 19068 18
18943 19069 18
18943 19070 18
18943 19071 18
18943 19072 18
18943 19073 18
18943 19074 18
18943 19075 18
18943 19076 18
18943 19077 18
18943 19078 18
18943 19079 18
18943 19080 18
18943 19081 18
18943 19082 18
18943 19083 18
18943 19084 18
19054 19085 18
18943 19086 18
18943 19087 18
18943 19088 18
18943 19089 18
19057 19090 18
18943 19091 18
18943 19092 18
18943 19093 18
18943 19094 18
18943 19095 18
18943 19096 18
18943 19097 18
18943 19098 18
18943 19099 18
18943 19100 18
18943 19101 18
18943 19102 18
18943 19103 18
18943 19104 18
18943 19106 18
18943 19107 18
18943 19108 18
18943 19109 18
19437 19110 18
19437 19111 18
19437 19112 18
19437 19113 18
19437 19114 18
19437 19115 18
19437 19116 18
19437 19117 18
19437 19118 18
19437 19119 18
19437 19120 18
19437 19121 18
19437 19122 18
19437 19123 18
19437 19124 18
19437 19125 18
19437 19126 18
19437 19127 18
19437 19128 18
19437 19129 18
19437 19130 18
19437 19131 18
19437 19132 18
19437 19133 18
19437 19134 18
19437 19135 18
19437 19136 18
19136 19137 18
19437 19138 18
19437 19139 18
19437 19140 18
19437 19141 18
19437 19142 18
19437 19143 18
19437 19144 18
19437 19145 18
19437 19146 18
19437 19147 18
19437 19148 18
19437 19149 18
19144 19150 18
19437 19151 18
19437 19152 18
19437 19153 18
19153 19154 18
19437 19155 18
19154 19156 18
19154 19157 18
19157 19158 18
19437 19159 18
19437 19160 18
19247 19161 18
19437 19162 18
19437 19163 18
19437 19164 18
19437 19165 18
19437 19166 18
19437 19167 18
19437 19168 18
19437 19169 18
19169 19170 18
19437 19171 18
19437 19172 18
19437 19173 18
19437 19174 18
19437 19175 18
19437 19176 18
19437 19177 18
19437 19178 18
19437 19179 18
19152 19180 18
19437 19181 18
19437 19182 18
19437 19183 18
19437 19184 18
19437 19185 18
19437 19186 18
19437 19187 18
19437 19188 18
19437 19189 18
19437 19190 18
19437 19191 18
19437 19192 18
19437 19193 18
19437 19194 18
19437 19195 18
19437 19196 18
19199 19197 18
19196 19198 18
19437 19199 18
19199 19200 18
19199 19201 18
19154 19202 18
19437 19203 18
19203 19204 18
19437 19205 18
19437 19206 18
19437 19207 18
19207 19208 18
19437 19209 18
19437 19210 18
19437 19211 18
19437 19212 18
19437 19213 18
19437 19214 18
19437 19215 18
19437 19216 18
19437 19217 18
19437 19218 18
19437 19219 18
19437 19220 18
19437 19221 18
19437 19222 18
19437 19223 18
19437 19224 18
19224 19225 18
19437 19226 18
19437 19227 18
19247 19228 18
19437 19229 18
19437 19230 18
19437 19231 18
19437 19232 18
19437 19233 18
19437 19234 18
19437 19235 18
19437 19236 18
19437 19237 18
19437 19238 18
19437 19239 18
19437 19240 18
19437 19241 18
19437 19242 18
19437 19243 18
19437 19244 18
19437 19245 18
19437 19246 18
19437 19247 18
19437 19248 18
19437 19249 18
19437 19250 18
19437 19251 18
19437 19252 18
19252 19253 18
19437 19254 18
19437 19255 18
19437 19256 18
19437 19257 18
19437 19258 18
19437 19259 18
19437 19260 18
19437 19261 18
19437 19262 18
19437 19263 18
19437 19264 18
19437 19265 18
19437 19266 18
19437 19267 18
19437 19268 18
19437 19269 18
19437 19270 18
19437 19271 18
19437 19272 18
19437 19273 18
19437 19274 18
19437 19275 18
19437 19276 18
19437 19277 18
19437 19278 18
19437 19279 18
19437 19280 18
19437 19281 18
19437 19282 18
19437 19283 18
19437 19284 18
19437 19285 18
19437 19286 18
19376 19287 18
19376 19288 18
19376 19289 18
19376 19290 18
19376 19291 18
19376 19292 18
19376 19294 18
19376 19295 18
19325 19296 18
19325 19297 18
19325 19298 18
19325 19299 18
19325 19300 18
19325 19301 18
19325 19302 18
19325 19303 18
19325 19304 18
19325 19305 18
19325 19306 18
19325 19307 18
19359 19308 18
19376 19310 18
19376 19311 18
19376 19312 18
19376 19313 18
19376 19314 18
19376 19316 18
19376 19317 18
19376 19318 18
19437 19319 18
19376 19320 18
19437 19321 18
19437 19322 18
19437 19323 18
19325 19324 18
19359 19325 18
19325 19326 18
19326 19327 18
19327 19329 18
19327 19330 18
19327 19331 18
19327 19332 18
19332 19333 18
19327 19334 18
19327 19335 18
19327 19336 18
19327 19337 18
19337 19338 18
19337 19339 18
19339 19340 18
19327 19341 18
19325 19342 18
19325 19343 18
19347 19344 18
19346 19344 18
19366 19344 18
19336 19344 18
19329 19345 18
19364 19345 18
19335 19345 18
19327 19346 18
19327 19347 18
19355 19348 18
19329 19348 18
19330 19348 18
19364 19348 18
19375 19348 18
19349 19348 18
19337 19348 18
19420 19348 18
19332 19348 18
19335 19348 18
19422 19348 18
19417 19348 18
19327 19349 18
19424 19350 18
19347 19350 18
19360 19350 18
19382 19350 18
19357 19350 18
19364 19350 18
19420 19350 18
19336 19350 18
19427 19350 18
19422 19350 18
19417 19350 18
19424 19351 18
19347 19351 18
19360 19351 18
19382 19351 18
19357 19351 18
19364 19351 18
19346 19351 18
19420 19351 18
19354 19351 18
19366 19351 18
19336 19351 18
19427 19351 18
19422 19351 18
19417 19351 18
19364 19352 18
19346 19352 18
19364 19353 18
19335 19353 18
19327 19354 18
19327 19355 18
19325 19356 18
19327 19357 18
19358 19359 18
19327 19360 18
19325 19361 18
19325 19362 18
19327 19363 18
19327 19364 18
19357 19365 18
19364 19365 18
19346 19365 18
19327 19366 18
19363 19367 18
19325 19368 18
19325 19369 18
19325 19370 18
19325 19371 18
19325 19372 18
19346 19373 18
19327 19374 18
19327 19375 18
19359 19376 18
19376 19377 18
19325 19378 18
19325 19379 18
19325 19380 18
19325 19381 18
19327 19382 18
19325 19383 18
19325 19384 18
19327 19385 18
19325 19386 18
19327 19387 18
19376 19388 18
19420 19389 18
19417 19389 18
19325 19390 18
19390 19391 18
19417 19392 18
19325 19393 18
19393 19394 18
19325 19395 18
19395 19396 18
19425 19397 18
19425 19398 18
19398 19399 18
19325 19400 18
19400 19401 18
19325 19402 18
19402 19403 18
19325 19404 18
19404 19405 18
19325 19406 18
19406 19407 18
19325 19408 18
19325 19409 18
19406 19410 18
19391 19412 18
19394 19413 18
19401 19414 18
19403 19415 18
19405 19416 18
19325 19417 18
19425 19418 18
19420 19418 18
19417 19418 18
19425 19419 18
19420 19419 18
19417 19419 18
19327 19420 18
19325 19421 18
19325 19422 18
19325 19423 18
19423 19424 18
19423 19425 18
19325 19426 18
19325 19427 18
19325 19428 18
19438 19430 18
19438 19431 18
19438 19432 18
19438 19433 18
19325 19434 18
19325 19435 18
19359 19437 18
19325 19438 18
