13361 20854 19
13361 20855 19
13361 20856 19
13361 20857 19
13361 20858 19
13361 20859 19
13361 20860 19
13361 20861 19
13363 20862 19
13366 20863 19
13368 20860 19
13369 20864 19
13369 20865 19
13369 20866 19
13369 20867 19
13369 20868 19
13369 20869 19
13370 20860 19
13370 20870 19
13370 20871 19
13370 20872 19
13370 20859 19
13370 20861 19
13371 20873 19
13371 20861 19
13374 20874 19
13374 20875 19
13374 20876 19
13374 20877 19
13374 20873 19
13374 20878 19
13374 20879 19
13374 20880 19
13374 20881 19
13374 20882 19
13375 20883 19
13375 20884 19
13375 20885 19
13375 20886 19
13375 20887 19
13375 20879 19
13375 20880 19
13375 20888 19
13375 20889 19
13375 20890 19
13375 20891 19
13375 20892 19
13375 20893 19
13375 20894 19
13375 20895 19
13375 20896 19
13375 20897 19
13375 20898 19
13375 20899 19
13375 20900 19
13375 20901 19
13375 20866 19
13375 20902 19
13375 20903 19
13380 20904 19
13386 20904 19
13395 20904 19
13396 20904 19
13397 20904 19
13404 20904 19
13415 20904 19
13416 20905 19
13417 20906 19
13418 20878 19
13419 20878 19
13420 20907 19
13420 20860 19
13420 20905 19
13420 20908 19
13421 20904 19
13422 20860 19
13423 20860 19
13423 20904 19
13424 20907 19
13424 20860 19
13424 20905 19
13424 20908 19
13425 20860 19
13426 20860 19
13427 20906 19
13427 20909 19
13428 20860 19
13429 20910 19
13430 20904 19
13431 20904 19
13432 20904 19
13433 20904 19
13434 20904 19
