13270 387 25
13271 388 25
13273 389 25
13274 390 25
13275 391 25
13277 392 25
13280 393 25
13281 394 25
13282 395 25
13283 396 25
13284 397 25
13286 398 25
13287 399 25
13290 400 25
13291 401 25
13293 402 25
13296 403 25
13305 404 25
13306 405 25
13307 406 25
13308 407 25
13312 408 25
13313 409 25
20822 352 25
20823 353 25
20824 354 25
20825 355 25
20826 356 25
20827 357 25
20828 358 25
20829 359 25
20830 360 25
20831 361 25
20832 362 25
20833 363 25
20834 364 25
20835 365 25
20836 366 25
20837 367 25
20838 368 25
20839 369 25
20840 370 25
20841 371 25
20842 372 25
20843 373 25
20844 374 25
20845 375 25
20846 376 25
20847 377 25
20848 378 25
20849 379 25
21202 380 25
21206 381 25
21098 382 25
21099 383 25
21100 384 25
21101 385 25
21102 386 25
