13314 13269 26
13314 13270 26
13314 13271 26
13314 13272 26
13314 13273 26
13314 13274 26
13314 13275 26
13314 13276 26
13314 13277 26
13315 13269 26
13315 13278 26
13315 13279 26
13315 13270 26
13315 13271 26
13315 13272 26
13315 13273 26
13315 13274 26
13315 13275 26
13315 13276 26
13315 13277 26
13316 13269 26
13317 13269 26
13317 13280 26
13317 13281 26
13317 13282 26
13317 13283 26
13317 13284 26
13317 13285 26
13317 13286 26
13317 13287 26
13318 13269 26
13318 13288 26
13318 13289 26
13318 13290 26
13318 13291 26
13320 13269 26
13320 13292 26
13320 13293 26
13320 13294 26
13325 13269 26
13325 13293 26
13325 13295 26
13325 13296 26
13325 13297 26
13325 13298 26
13325 13299 26
13325 13300 26
13325 13301 26
13325 13302 26
13325 13303 26
13325 13304 26
13326 13305 26
13326 13306 26
13326 13307 26
13326 13308 26
13327 13309 26
13327 13312 26
13327 13313 26
13361 20820 26
13361 20821 26
13361 20822 26
13361 20823 26
13361 20824 26
13363 20820 26
13366 20820 26
13368 20825 26
13368 20826 26
13368 20827 26
13369 20820 26
13369 20828 26
13369 20829 26
13369 20830 26
13369 20831 26
13369 20832 26
13369 20833 26
13369 20834 26
13370 20835 26
13370 20826 26
13370 20827 26
13370 20820 26
13371 20836 26
13371 20837 26
13371 20838 26
13371 20820 26
13374 20820 26
13375 20820 26
13375 20839 26
13375 20840 26
13375 20841 26
13380 20820 26
13386 20820 26
13395 20820 26
13396 20820 26
13397 20820 26
13404 20820 26
13415 20820 26
13416 20820 26
13417 20820 26
13418 20842 26
13419 20842 26
13420 20843 26
13420 20820 26
13421 20820 26
13422 20820 26
13423 20820 26
13424 20843 26
13424 20820 26
13425 20844 26
13425 20845 26
13426 20846 26
13427 20820 26
13428 20820 26
13429 20820 26
13430 20820 26
13431 20820 26
13432 20820 26
13433 20820 26
13434 20820 26
13362 20847 26
13367 20820 26
13368 20820 26
13372 20848 26
13372 20849 26
13373 20848 26
13373 20849 26
13373 20850 26
13375 20848 26
13375 20849 26
13375 20850 26
13376 20851 26
13376 20852 26
13376 20853 26
13359 21201 26
13360 21201 26
13361 21201 26
13362 21201 26
13362 21202 26
13366 21201 26
13367 21201 26
13368 21201 26
13368 21203 26
13369 21201 26
13370 21201 26
13371 21201 26
13372 21201 26
13373 21201 26
13374 21201 26
13375 21201 26
13375 21204 26
13375 21205 26
13375 21206 26
13376 21201 26
13377 21201 26
13378 21201 26
13379 21201 26
13380 21201 26
13381 21201 26
13382 21201 26
13383 21201 26
13384 21201 26
13385 21201 26
13386 21201 26
13387 21201 26
13388 21201 26
13389 21201 26
13390 21201 26
13391 21201 26
13392 21201 26
13393 21201 26
13394 21201 26
13395 21201 26
13396 21201 26
13397 21201 26
13398 21201 26
13399 21201 26
13400 21201 26
13401 21201 26
13402 21201 26
13403 21201 26
13404 21201 26
13405 21201 26
13406 21201 26
13407 21201 26
13408 21201 26
13409 21201 26
13410 21201 26
13411 21201 26
13412 21201 26
13413 21201 26
13414 21201 26
13415 21201 26
