18551 14417 27
18551 14418 27
18551 14419 27
18551 14420 27
18551 14421 27
18551 14422 27
18551 14423 27
18551 14424 27
18551 14425 27
18551 14426 27
18551 14427 27
18551 14428 27
18551 14429 27
18551 14430 27
18551 14431 27
18551 14432 27
18551 14433 27
18551 14434 27
18551 14435 27
18551 14436 27
18551 14437 27
18551 14438 27
18551 14439 27
18472 14440 27
18472 14441 27
18472 14442 27
18472 14443 27
18551 14444 27
18472 14445 27
18472 14446 27
18472 14447 27
19358 14448 27
19358 14449 27
19358 14450 27
18551 14451 27
18472 14452 27
18472 14453 27
18551 14454 27
18551 14455 27
19358 14456 27
18472 14457 27
18472 14458 27
18472 14459 27
18551 14460 27
18551 14461 27
18551 14462 27
18551 14463 27
18551 14464 27
18551 14465 27
18551 14466 27
18551 14467 27
18551 14468 27
18551 14469 27
18551 14470 27
18551 14471 27
18551 14472 27
18551 14473 27
18551 14474 27
18551 14475 27
18551 14476 27
18472 14477 27
18472 14478 27
18472 14479 27
18472 14480 27
18472 14481 27
18472 14482 27
18472 14483 27
18472 14484 27
18472 14485 27
18472 14486 27
18472 14487 27
18472 14488 27
18472 14489 27
18472 14490 27
18472 14491 27
18472 14492 27
18472 14493 27
18551 14494 27
18551 14495 27
18472 14496 27
18472 14497 27
18472 14498 27
18472 14499 27
18472 14500 27
18472 14501 27
18472 14502 27
18472 14503 27
18472 14504 27
18472 14505 27
18472 14506 27
18472 14507 27
18472 14508 27
18472 14509 27
18652 14510 27
18652 14511 27
18652 14512 27
18652 14513 27
18652 14514 27
18652 14515 27
18652 14516 27
18652 14517 27
18652 14518 27
18652 14519 27
18652 14520 27
18652 14521 27
18652 14522 27
18652 14523 27
18652 14524 27
18652 14525 27
18652 14526 27
18652 14527 27
18652 14528 27
18652 14529 27
18652 14530 27
18652 14531 27
18652 14532 27
18652 14533 27
18652 14534 27
18652 14535 27
18652 14536 27
18652 14537 27
18652 14538 27
18652 14539 27
18652 14540 27
18652 14541 27
18652 14542 27
18652 14543 27
18652 14544 27
18652 14545 27
18652 14546 27
18652 14547 27
18652 14548 27
18652 14549 27
18652 14550 27
18652 14551 27
18652 14552 27
18652 14553 27
18652 14554 27
18652 14555 27
18652 14556 27
18652 14446 27
18652 14447 27
18652 14559 27
18652 14560 27
18652 14561 27
18652 14451 27
18652 14563 27
18652 14452 27
18652 14453 27
18652 14566 27
18652 14455 27
18652 14568 27
18652 14569 27
18652 14570 27
18652 14571 27
18652 14572 27
18652 14573 27
18652 14574 27
18652 14575 27
18652 14576 27
18652 14460 27
18652 14578 27
18652 14579 27
18652 14580 27
18652 14581 27
18652 14582 27
18652 14583 27
18652 14584 27
18652 14585 27
18652 14586 27
18652 14439 27
18652 14588 27
18652 14589 27
18652 14590 27
18652 14591 27
18652 14592 27
18652 14509 27
18652 14594 27
18652 14595 27
18652 14596 27
18943 14456 27
18472 14598 27
18472 14599 27
18472 14600 27
