13310 14442 29
13310 14443 29
13310 14418 29
13310 14432 29
13310 14433 29
13310 14515 29
13310 14441 29
13310 14440 29
13310 14476 29
13310 14477 29
13311 14442 29
13311 14443 29
13311 14418 29
13311 14432 29
13311 14433 29
13311 14431 29
13311 14515 29
13311 14441 29
13311 14440 29
13311 14476 29
13311 14477 29
13328 10326 29
13329 413 29
13329 412 29
13329 10326 29
13330 10326 29
13330 14454 29
13331 413 29
13331 412 29
13331 10326 29
13332 10326 29
13332 14454 29
13333 10326 29
13344 14454 29
13345 14440 29
13346 14441 29
13347 14477 29
13348 14426 29
13349 14431 29
13350 2986 29
13350 3034 29
13350 2986 29
13350 2985 29
13350 3033 29
13351 14432 29
13351 14433 29
13351 14434 29
13352 14432 29
13352 14433 29
13352 14434 29
13352 14435 29
13353 14428 29
13354 14430 29
13355 14598 29
13356 14599 29
13357 14600 29
13358 14518 29
20854 21831 29
20854 21832 29
20855 21831 29
20855 21832 29
20856 21831 29
20856 21832 29
20857 21831 29
20857 21832 29
20858 21831 29
20858 21832 29
20860 21546 29
20868 21546 29
20869 21546 29
20873 21546 29
20874 21543 29
20875 21546 29
20876 21546 29
20877 21546 29
20878 21546 29
20902 27335 29
20903 27335 29
20904 21546 29
20907 21546 29
21067 24913 29
21067 21546 29
21068 21862 29
21068 21490 29
21068 21492 29
21069 21543 29
21070 27658 29
21070 21543 29
21071 27658 29
21071 21543 29
21072 24913 29
21072 24912 29
21072 21546 29
21073 24913 29
21073 24912 29
21073 21546 29
21074 24913 29
21074 24912 29
21074 21546 29
21075 25401 29
21075 21546 29
21076 25401 29
21076 21546 29
21077 25401 29
21077 21546 29
21078 21546 29
21079 21546 29
21080 21546 29
20911 32506 29
20911 32963 29
20911 32995 29
20912 21220 29
20912 32506 29
20912 32963 29
20912 32995 29
20912 34347 29
20913 21220 29
20913 32506 29
20913 32963 29
20913 32995 29
20913 34347 29
20914 21220 29
20914 32506 29
20915 21220 29
20915 32506 29
20915 32963 29
20915 32995 29
20915 34347 29
20916 21220 29
20916 32506 29
20916 32963 29
20916 32995 29
20916 34347 29
20917 21220 29
20917 32506 29
20917 32963 29
20917 32995 29
20917 34347 29
20918 21220 29
20918 32506 29
20918 32963 29
20918 32995 29
20918 34347 29
20919 21220 29
20919 32506 29
20919 32963 29
20919 32995 29
20919 34347 29
20920 21220 29
20920 32506 29
20920 32963 29
20920 32995 29
20920 34347 29
20921 21220 29
20921 32506 29
20921 32963 29
20921 32995 29
20921 34347 29
20922 21220 29
20922 32506 29
20922 34347 29
20923 21220 29
20923 32506 29
20923 32963 29
20923 32995 29
20923 34347 29
20924 34328 29
20924 34347 29
20925 34328 29
20925 34347 29
352 21493 29
352 21209 29
352 34347 29
352 21223 29
353 21493 29
353 21209 29
353 34347 29
353 21223 29
354 21493 29
354 21209 29
354 34347 29
354 21223 29
355 21493 29
355 23554 29
355 21209 29
355 34347 29
355 21223 29
356 21493 29
356 23554 29
356 21209 29
356 34347 29
356 21223 29
357 21493 29
357 23554 29
357 21209 29
357 34347 29
357 21223 29
358 21493 29
358 21209 29
359 21493 29
359 21209 29
360 21493 29
360 21209 29
361 21493 29
361 21209 29
362 21493 29
362 21209 29
363 21493 29
363 23554 29
363 21209 29
363 34347 29
363 21223 29
364 21493 29
364 23554 29
364 21209 29
364 21223 29
365 21493 29
365 23554 29
365 21209 29
365 21223 29
366 21493 29
366 21209 29
366 21223 29
367 21493 29
367 21209 29
367 21223 29
368 21493 29
368 21209 29
368 21223 29
369 25404 29
370 21209 29
371 21209 29
372 23554 29
373 21505 29
374 21209 29
375 21209 29
376 21209 29
377 21493 29
378 23822 29
379 23822 29
380 21838 29
381 14598 29
383 33226 29
387 14489 29
387 14446 29
387 14447 29
388 14446 29
388 14447 29
392 14446 29
392 14447 29
393 14456 29
394 14446 29
394 14458 29
395 14447 29
396 14447 29
397 14458 29
398 14448 29
399 14458 29
400 14549 29
401 14557 29
402 14489 29
403 14489 29
404 4411 29
405 14566 29
405 14593 29
406 14557 29
406 14593 29
407 14594 29
21081 10326 29
21081 10524 29
21081 10327 29
21082 10326 29
21082 10524 29
21082 10327 29
21083 10326 29
21083 10524 29
21083 10327 29
21083 14429 29
21083 14417 29
21083 14418 29
21083 14419 29
21083 14420 29
21083 14421 29
21083 14422 29
21083 14443 29
21083 14442 29
21083 14432 29
21083 14433 29
21083 14440 29
21083 14441 29
21083 14476 29
21083 14477 29
21083 14478 29
21083 14424 29
21083 14425 29
21083 14426 29
21083 14431 29
21083 14448 29
21083 14446 29
21083 14447 29
21083 14451 29
21083 14454 29
21083 14455 29
21083 14598 29
21084 10327 29
21084 10326 29
21084 10524 29
21085 14429 29
21085 14430 29
21085 14417 29
21085 14418 29
21085 14419 29
21085 14420 29
21085 14421 29
21085 14422 29
21086 10326 29
21086 10524 29
21086 10327 29
21086 14490 29
21086 14440 29
21086 14441 29
21086 14429 29
21086 14430 29
21086 14417 29
21086 14418 29
21086 14419 29
21086 14420 29
21086 14421 29
21086 14422 29
21087 10326 29
21087 10524 29
21087 10327 29
21087 14494 29
21087 14495 29
21087 14441 29
21087 14476 29
21087 14477 29
21087 14478 29
21087 14446 29
21088 14442 29
21089 10326 29
21089 10524 29
21089 10327 29
21089 14440 29
21089 14433 29
21089 14432 29
21089 14424 29
21089 14425 29
21089 14426 29
21089 14431 29
21089 14598 29
21089 14429 29
21089 14430 29
21089 14417 29
21089 14418 29
21089 14419 29
21089 14420 29
21089 14421 29
21089 14422 29
21089 14442 29
21089 14446 29
21090 10326 29
21090 10524 29
21090 10327 29
21090 14433 29
21090 14442 29
21090 14443 29
21090 14440 29
21090 14441 29
21090 14446 29
21090 14447 29
21090 14598 29
21091 10326 29
21091 10524 29
21091 10327 29
21091 14481 29
21091 14484 29
21092 10326 29
21092 10524 29
21092 10327 29
21092 14447 29
21092 14458 29
21092 14494 29
21092 14495 29
21092 14442 29
21092 14441 29
21092 14443 29
21092 14440 29
21093 10326 29
21093 10524 29
21093 10327 29
21093 14490 29
21093 14429 29
21093 14430 29
21093 14417 29
21093 14418 29
21093 14419 29
21093 14420 29
21093 14421 29
21093 14422 29
21094 10326 29
21094 10524 29
21094 10327 29
21094 14547 29
21094 14543 29
21094 14558 29
21094 14557 29
21094 14519 29
21094 14479 29
21094 14480 29
21094 14481 29
21094 14484 29
21094 14598 29
21094 14433 29
21094 14432 29
21094 14424 29
21094 14425 29
21094 14426 29
21094 14431 29
21094 14429 29
21094 14430 29
21094 14446 29
21094 14440 29
21094 14441 29
21094 14442 29
21094 14443 29
21095 14440 29
21095 14441 29
21095 14442 29
21095 14443 29
21096 14440 29
21096 14441 29
21096 14442 29
21096 14443 29
21097 10320 29
21097 10524 29
21097 10321 29
