13314 13310 30
13314 13311 30
13315 13310 30
13315 13311 30
13359 20911 30
13360 20912 30
13361 20913 30
13362 20914 30
13366 20915 30
13367 20916 30
13368 20917 30
13369 20918 30
13370 20919 30
13371 20920 30
13372 20921 30
13373 20921 30
13374 20922 30
13375 20923 30
13376 20919 30
13491 20924 30
13492 20925 30
13493 20925 30
13494 20925 30
13495 20925 30
13496 20925 30
13496 20924 30
13498 20925 30
13498 20924 30
13500 20925 30
13500 20924 30
13502 20925 30
13503 20925 30
13504 20925 30
13505 20925 30
13505 20924 30
13507 20925 30
13507 20924 30
13509 20925 30
13509 20924 30
13511 20925 30
13511 20924 30
13513 20925 30
