14337 21042 30
14375 21019 30
14316 21006 30
14267 20962 30
14326 21041 30
14411 20973 30
14254 20960 30
14314 21006 30
14267 20960 30
14363 20926 30
14363 20983 30
14247 21049 30
14268 21005 30
14262 20978 30
14255 20990 30
14319 20964 30
14279 21006 30
14350 20963 30
14259 20944 30
14410 21000 30
14267 20999 30
14313 21033 30
14371 21051 30
14385 20937 30
14263 21037 30
14280 20986 30
14333 21006 30
14355 20991 30
14298 20961 30
14301 20988 30
14266 20991 30
14377 21045 30
14404 21006 30
14294 21001 30
14353 21006 30
14363 21060 30
14385 21006 30
14338 21006 30
14305 21000 30
14358 21020 30
14380 21006 30
14267 21051 30
14363 20995 30
14255 21006 30
14353 21036 30
14329 20956 30
14382 21006 30
14293 21042 30
14304 21006 30
14315 21008 30
14353 21047 30
14376 20986 30
14368 20988 30
14254 20998 30
14276 20997 30
14329 21002 30
14355 21049 30
14292 21053 30
14300 20929 30
14343 21006 30
14285 21012 30
14249 20942 30
14267 21041 30
14371 21057 30
14358 20975 30
14385 20990 30
14385 20926 30
14300 21041 30
14416 20988 30
14371 21006 30
14318 21006 30
14257 20964 30
14261 20981 30
14369 21016 30
14353 20926 30
14384 21041 30
14270 21061 30
14266 20968 30
14334 21041 30
14298 21006 30
14272 20986 30
14281 20971 30
14330 21018 30
14296 21041 30
14371 20973 30
14376 20996 30
14373 20933 30
14363 21006 30
14398 21031 30
14311 21059 30
14349 21000 30
14363 20966 30
14388 20977 30
14362 20952 30
14408 21063 30
14288 20933 30
14360 21006 30
14342 21041 30
14412 21047 30
14313 21006 30
14282 20991 30
14312 21006 30
14294 21060 30
14363 21004 30
14322 21041 30
14278 21041 30
14353 20979 30
14356 21006 30
14317 20991 30
14305 20963 30
14264 20963 30
14248 21060 30
14266 20951 30
14394 21017 30
14329 21043 30
14353 20985 30
14295 20930 30
14325 20986 30
14353 21054 30
14387 20941 30
14330 20963 30
14259 20965 30
14306 21041 30
14352 21006 30
14316 20948 30
14350 21055 30
14383 20967 30
14352 20991 30
14411 21051 30
14358 21025 30
14332 21065 30
14253 21039 30
14320 21050 30
14358 21046 30
14398 21058 30
14379 20980 30
14297 21041 30
14412 21006 30
14366 21006 30
14402 21048 30
14274 20953 30
14269 20945 30
14377 21006 30
14346 21051 30
14336 21006 30
14381 20963 30
14321 20934 30
14291 21064 30
14299 21030 30
14257 20991 30
14363 20957 30
14410 20992 30
14390 21006 30
14371 21054 30
14405 20963 30
14340 20991 30
14290 20988 30
14415 21041 30
14413 20963 30
14385 20995 30
14364 20957 30
14395 20993 30
14311 20928 30
14319 20991 30
14400 20933 30
14371 21007 30
14378 20962 30
14269 20939 30
14329 21034 30
14323 21006 30
14275 21042 30
14327 20950 30
14271 21006 30
14354 20954 30
14339 21031 30
14350 21014 30
14391 21041 30
14263 21006 30
14361 21040 30
14401 20958 30
14414 21044 30
14302 21038 30
14265 20927 30
14303 20984 30
14309 21028 30
14260 20985 30
14287 20933 30
14409 20966 30
14393 21021 30
14298 20926 30
14258 21006 30
14320 20975 30
14385 20960 30
14254 21057 30
14372 20946 30
14370 21006 30
14255 20926 30
14385 20957 30
14320 20935 30
14348 20991 30
14256 20965 30
14335 20991 30
14374 20947 30
14324 20988 30
14403 21010 30
14353 21032 30
14273 21023 30
14411 21029 30
14389 20940 30
14310 20949 30
14384 21022 30
14359 20989 30
14396 21052 30
14341 21006 30
14284 20963 30
14364 21011 30
14353 21057 30
14277 20955 30
14389 20982 30
14353 21001 30
14250 21041 30
14283 20963 30
14330 20996 30
14254 21026 30
14365 21005 30
14329 21027 30
14353 21060 30
14298 21033 30
14389 21056 30
14252 20976 30
14331 20936 30
14344 21041 30
14313 20932 30
14388 21041 30
14262 20943 30
14347 20994 30
14353 21031 30
14411 20991 30
14345 21009 30
14255 20988 30
14406 20959 30
14254 21041 30
14384 21062 30
14364 21066 30
14385 21060 30
14407 20930 30
14392 20974 30
14267 20998 30
14351 20972 30
14251 21015 30
14308 20987 30
14300 21035 30
14339 21058 30
14289 21057 30
14385 20983 30
14412 21029 30
14266 21024 30
14371 21033 30
14307 21065 30
14247 21041 30
14280 20969 30
14397 20938 30
14346 21013 30
14386 21001 30
14399 20993 30
14328 21006 30
14253 20970 30
14367 21001 30
14358 21003 30
14357 20996 30
14305 20931 30
