13359 32942 31
13359 32941 31
13360 21529 31
13360 21543 31
13360 21546 31
13361 21829 31
13361 21830 31
13361 21831 31
13361 21832 31
13361 21833 31
13361 21830 31
13361 21831 31
13361 21832 31
13361 21529 31
13361 21546 31
13362 33023 31
13362 33024 31
13362 33025 31
13362 33026 31
13362 33027 31
13362 33028 31
13362 33029 31
13362 33030 31
13362 33266 31
13362 33267 31
13362 33268 31
13362 33269 31
13362 33270 31
13362 34279 31
13362 34280 31
13362 34281 31
13362 34371 31
13362 21529 31
13362 21546 31
13362 21829 31
13362 21830 31
13362 21833 31
13362 21838 31
13363 22562 31
13363 22564 31
13363 22564 31
13363 22565 31
13364 22921 31
13364 22941 31
13364 21529 31
13364 21571 31
13365 22941 31
13365 22921 31
13365 22941 31
13366 34279 31
13366 34280 31
13366 34281 31
13366 34355 31
13366 34356 31
13366 34357 31
13367 21529 31
13367 21546 31
13368 21529 31
13368 21546 31
13368 21829 31
13368 21830 31
13368 21831 31
13368 21832 31
13368 21833 31
13368 21835 31
13368 21837 31
13368 21834 31
13368 21848 31
13369 21529 31
13369 21546 31
13369 21829 31
13369 21830 31
13369 21831 31
13369 21832 31
13369 21833 31
13369 21835 31
13369 21836 31
13369 21834 31
13369 21849 31
13369 21850 31
13370 21529 31
13370 21546 31
13370 21829 31
13370 21830 31
13370 21833 31
13370 21831 31
13370 21832 31
13370 21835 31
13370 21836 31
13370 21834 31
13370 21853 31
13370 23542 31
13370 23543 31
13370 23544 31
13370 23545 31
13370 23546 31
13370 23554 31
13370 23550 31
13370 23554 31
13371 25022 31
13371 25033 31
13371 24663 31
13371 24664 31
13371 24665 31
13371 24666 31
13371 24667 31
13371 24669 31
13371 21529 31
13371 21546 31
13371 23593 31
13371 23594 31
13371 23595 31
13371 23596 31
13371 23597 31
13371 23603 31
13371 21829 31
13371 21830 31
13371 21831 31
13371 21832 31
13371 21833 31
13371 21835 31
13371 21834 31
13371 21839 31
13371 21840 31
13371 21841 31
13371 21842 31
13371 21843 31
13371 21844 31
13371 21845 31
13371 21846 31
13371 21847 31
13371 21853 31
13372 24910 31
13372 24913 31
13372 21529 31
13372 21543 31
13372 21546 31
13373 24910 31
13373 24914 31
13373 24912 31
13373 24911 31
13373 21529 31
13373 21546 31
13373 21829 31
13373 21830 31
13373 21831 31
13373 21832 31
13373 21833 31
13373 21835 31
13374 34279 31
13374 34280 31
13374 34281 31
13374 34355 31
13374 34356 31
13374 34357 31
13374 34358 31
13375 28236 31
13375 28237 31
13375 25500 31
13375 25502 31
13375 25591 31
13375 25623 31
13375 26650 31
13375 26655 31
13375 25865 31
13375 25880 31
13375 25400 31
13375 25401 31
13375 25402 31
13375 25403 31
13375 25404 31
13375 25405 31
13375 25406 31
13375 25407 31
13375 25408 31
13375 25409 31
13375 25414 31
13375 25415 31
13375 21529 31
13375 21546 31
13375 21546 31
13375 21829 31
13375 21830 31
13375 21831 31
13375 21832 31
13375 21833 31
13375 21835 31
13375 21836 31
13375 21834 31
13375 21849 31
13375 21850 31
13376 22498 31
13380 24827 31
13380 24830 31
13380 24831 31
13380 24829 31
13380 24828 31
13380 26635 31
13380 26638 31
13380 26640 31
13381 34279 31
13381 34280 31
13381 34281 31
13381 34355 31
13381 34356 31
13381 34357 31
13382 27658 31
13383 27658 31
13384 28236 31
13384 28237 31
13385 28236 31
13385 28237 31
13386 26822 31
13386 26823 31
13386 26824 31
13386 26826 31
13386 26829 31
13386 26832 31
13386 26837 31
13386 26844 31
13386 26928 31
13386 26929 31
13386 26930 31
13386 26931 31
13386 26932 31
13386 26943 31
13386 25417 31
13386 25418 31
13386 25419 31
13386 25420 31
13386 25421 31
13386 25422 31
13386 25423 31
13386 25424 31
13386 26905 31
13386 26906 31
13386 26907 31
13386 26908 31
13386 26909 31
13386 26910 31
13386 26912 31
13386 26913 31
13386 25430 31
13386 26824 31
13386 26826 31
13386 26829 31
13386 27658 31
13386 29133 31
13386 29133 31
13386 29142 31
13386 29150 31
13386 29143 31
13386 29144 31
13386 29153 31
13386 29154 31
13386 29156 31
13386 29155 31
13386 29157 31
13386 29145 31
13386 29159 31
13386 29158 31
13386 29142 31
13386 29150 31
13386 29151 31
13386 29145 31
13386 29142 31
13386 29150 31
13386 29152 31
13386 27658 31
13386 25427 31
13386 25428 31
13386 25429 31
13386 26955 31
13387 24910 31
13387 24911 31
13387 24912 31
13388 24910 31
13388 24914 31
13389 25417 31
13389 25418 31
13389 25421 31
13389 25422 31
13389 25423 31
13389 25424 31
13390 25865 31
13390 25874 31
13391 25865 31
13391 25874 31
13392 25061 31
13392 25062 31
13392 25063 31
13392 25064 31
13393 34279 31
13393 34280 31
13393 34281 31
13393 34371 31
13393 33023 31
13393 33024 31
13393 33025 31
13393 33026 31
13393 33027 31
13393 33028 31
13393 33029 31
13393 33030 31
13393 25433 31
13393 25434 31
13393 25435 31
13393 25436 31
13393 25437 31
13393 25444 31
13395 25417 31
13395 25418 31
13395 25419 31
13395 25420 31
13395 25421 31
13395 25422 31
13395 25423 31
13395 25424 31
13395 25430 31
13395 25432 31
13395 25421 31
13395 25422 31
13395 25423 31
13395 25424 31
13395 25425 31
13395 25426 31
13395 25431 31
13395 27658 31
13395 27658 31
13396 28449 31
13396 28481 31
13397 24827 31
13397 24830 31
13397 24831 31
13397 24829 31
13397 24828 31
13397 26635 31
13397 26638 31
13397 26640 31
13398 34279 31
13398 34280 31
13398 34281 31
13398 34355 31
13398 34356 31
13398 34357 31
13399 27658 31
13400 27658 31
13401 28236 31
13401 28237 31
13402 28236 31
13402 28237 31
13403 24870 31
13403 24871 31
13403 24872 31
13403 24873 31
13403 24874 31
13403 24875 31
13403 24876 31
13403 24877 31
13404 26822 31
13404 26823 31
13404 26824 31
13404 26826 31
13404 26829 31
13404 26832 31
13404 26837 31
13404 26844 31
13404 26928 31
13404 26929 31
13404 26930 31
13404 26931 31
13404 26932 31
13404 26943 31
13404 25417 31
13404 25418 31
13404 25419 31
13404 25420 31
13404 25421 31
13404 25422 31
13404 25423 31
13404 25424 31
13404 25425 31
13404 25426 31
13404 25431 31
13404 25432 31
13404 25421 31
13404 25423 31
13404 26905 31
13404 26906 31
13404 26907 31
13404 26908 31
13404 26909 31
13404 26910 31
13404 26912 31
13404 26913 31
13404 25430 31
13404 26824 31
13404 26826 31
13404 26829 31
13404 27658 31
13404 29133 31
13404 29133 31
13404 29142 31
13404 29150 31
13404 29143 31
13404 29144 31
13404 29153 31
13404 29154 31
13404 29156 31
13404 29155 31
13404 29157 31
13404 29145 31
13404 29159 31
13404 29158 31
13404 29142 31
13404 29150 31
13404 29151 31
13404 29145 31
13404 29142 31
13404 29150 31
13404 29152 31
13404 27658 31
13404 25427 31
13404 25428 31
13404 25429 31
13404 26955 31
13405 24910 31
13405 24911 31
13405 24912 31
13406 24910 31
13406 24914 31
13407 25417 31
13407 25418 31
13407 25421 31
13407 25422 31
13407 25423 31
13407 25424 31
13407 25419 31
13407 25420 31
13407 25421 31
13407 25422 31
13407 25423 31
13407 25424 31
13407 25425 31
13407 25426 31
13407 25431 31
13407 25432 31
13408 25865 31
13408 25874 31
13409 25865 31
13409 25874 31
13410 27181 31
13410 27182 31
13410 27183 31
13411 25061 31
13411 25062 31
13411 25063 31
13411 25064 31
13412 34279 31
13412 34280 31
13412 34281 31
13412 34371 31
13412 33023 31
13412 33024 31
13412 33025 31
13412 33026 31
13412 33027 31
13412 33028 31
13412 33029 31
13412 33030 31
13412 25433 31
13412 25434 31
13412 25435 31
13412 25436 31
13412 25437 31
13412 25444 31
13414 28355 31
13414 28359 31
13414 26985 31
13414 26986 31
13414 26988 31
13414 26989 31
13414 26991 31
13414 25445 31
13414 25446 31
13414 25447 31
13414 25448 31
13414 25452 31
13414 25449 31
13414 25450 31
13414 25451 31
13452 23120 31
13452 23121 31
13452 23122 31
13452 23123 31
13452 23124 31
13453 23527 31
13453 23528 31
13453 23529 31
13453 23530 31
13453 23531 31
13453 23532 31
13453 23535 31
13453 23536 31
13453 23542 31
13453 23543 31
13453 23544 31
13453 23545 31
13453 23546 31
13453 23547 31
13456 21434 31
13456 21444 31
13456 22583 31
13456 22589 31
13456 22587 31
13456 22590 31
13457 21434 31
13457 21444 31
13457 21445 31
13457 22583 31
13457 22587 31
13457 22590 31
13459 23652 31
13459 23657 31
13459 23660 31
13459 23661 31
13460 22583 31
13460 22584 31
13460 21293 31
13460 21530 31
13461 22583 31
13462 21207 31
13462 21211 31
13463 21222 31
13463 21223 31
13463 21224 31
13463 21225 31
13464 22562 31
13464 22563 31
13465 21529 31
13465 21546 31
13466 34279 31
13466 34280 31
13466 34281 31
13466 34355 31
13467 21529 31
13467 21541 31
13467 21770 31
13467 21784 31
13467 21786 31
13467 21789 31
13468 21529 31
13468 21541 31
13468 21770 31
13468 21784 31
13468 21786 31
13468 21789 31
13469 21529 31
13469 21546 31
13469 21829 31
13469 21830 31
13469 21831 31
13469 21832 31
13469 21833 31
13469 21835 31
13469 21836 31
13470 22884 31
13470 22885 31
13470 22889 31
13470 22953 31
13471 25733 31
13473 25733 31
13473 25762 31
13473 25865 31
13473 25884 31
13474 25865 31
13474 25987 31
13474 25881 31
13474 28553 31
13474 28554 31
13474 26588 31
13474 26594 31
13474 26153 31
13474 26156 31
13474 26157 31
13474 26155 31
13474 24204 31
13474 24206 31
13475 25865 31
13475 25884 31
13475 25952 31
13475 25591 31
13475 25689 31
13476 22629 31
13477 22583 31
13479 22953 31
13479 21222 31
13479 21207 31
13480 21529 31
13480 21538 31
13480 21530 31
13480 21292 31
13480 21302 31
13480 22583 31
13481 23120 31
13481 23121 31
13481 23122 31
13481 23123 31
13481 23124 31
13483 21488 31
13483 21493 31
13483 21491 31
13483 21492 31
13484 21222 31
13484 21207 31
13484 21211 31
13485 21529 31
13485 21530 31
13485 21538 31
13485 21292 31
13485 21302 31
13485 22583 31
13485 21207 31
13485 21211 31
13488 22587 31
13489 22583 31
13489 22620 31
13490 21222 31
13490 21223 31
13491 21222 31
13491 21223 31
13491 21224 31
13491 21225 31
13491 21227 31
13491 21226 31
13492 21222 31
13492 21223 31
13492 21224 31
13492 21225 31
13492 21227 31
13492 21226 31
13493 21222 31
13493 21223 31
13493 21224 31
13493 21225 31
13493 21227 31
13493 21226 31
13494 21222 31
13494 21223 31
13494 21224 31
13494 21225 31
13494 21227 31
13494 21226 31
13495 21222 31
13495 21223 31
13495 21224 31
13495 21225 31
13495 21227 31
13495 21226 31
13496 21222 31
13496 21223 31
13496 21224 31
13496 21225 31
13496 21227 31
13496 21226 31
13498 21222 31
13498 21223 31
13498 21224 31
13498 21225 31
13498 21227 31
13498 21226 31
13500 21222 31
13500 21223 31
13500 21224 31
13500 21225 31
13500 21227 31
13500 21226 31
13502 21222 31
13502 21223 31
13502 21224 31
13502 21225 31
13502 21227 31
13502 21226 31
13503 21222 31
13503 21223 31
13503 21224 31
13503 21225 31
13503 21227 31
13503 21226 31
13504 21222 31
13504 21223 31
13504 21224 31
13504 21225 31
13504 21227 31
13504 21226 31
13505 21222 31
13505 21223 31
13505 21224 31
13505 21225 31
13505 21227 31
13505 21226 31
13507 21222 31
13507 21223 31
13507 21224 31
13507 21225 31
13507 21227 31
13507 21226 31
13509 21222 31
13509 21223 31
13509 21224 31
13509 21225 31
13509 21227 31
13509 21226 31
13511 21222 31
13511 21223 31
13511 21224 31
13511 21225 31
13511 21227 31
13511 21226 31
13513 21222 31
13513 21223 31
13513 21224 31
13513 21225 31
13513 21227 31
13513 21226 31
