13269 13360 32
13269 13367 32
13269 13368 32
13269 13361 32
13269 13366 32
13269 13369 32
13269 13370 32
13269 13374 32
13269 13372 32
13269 13373 32
13269 13375 32
13270 13371 32
13271 13469 32
13272 13470 32
13273 13360 32
13274 13377 32
13275 13378 32
13269 13379 32
13269 13382 32
13269 13383 32
13269 13384 32
13269 13385 32
13269 13386 32
13269 13387 32
13269 13388 32
13269 13389 32
13269 13390 32
13269 13391 32
13269 13392 32
13269 13395 32
13269 13396 32
13269 13397 32
13269 13398 32
13269 13403 32
13269 13410 32
13269 13414 32
13269 13399 32
13269 13400 32
13269 13401 32
13269 13402 32
13269 13404 32
13269 13405 32
13269 13406 32
13269 13407 32
13269 13408 32
13269 13409 32
13269 13411 32
13269 13415 32
13276 13398 32
13276 13381 32
13277 13397 32
13277 13380 32
13269 13376 32
13269 13359 32
13278 13362 32
13279 13362 32
13269 13393 32
13269 13394 32
13269 13412 32
13269 13413 32
13269 13363 32
13269 13364 32
13269 13365 32
13269 13464 32
13269 13465 32
13269 13466 32
13269 13467 32
13269 13468 32
13280 13479 32
13281 13480 32
13282 13481 32
13283 13482 32
13284 13480 32
13285 13482 32
13285 13483 32
13286 13484 32
13287 13485 32
13269 13452 32
13269 13453 32
13269 13454 32
13269 13455 32
13288 13486 32
13288 13487 32
13288 13488 32
13289 13489 32
13289 13490 32
13290 13474 32
13291 13475 32
13269 13456 32
13269 13457 32
13269 13458 32
13269 13459 32
13269 13460 32
13269 13461 32
13292 13476 32
13293 13477 32
13294 13461 32
13269 13462 32
13269 13463 32
13293 13514 32
13293 13515 32
13293 13522 32
13293 13516 32
13293 13517 32
13295 13518 32
13295 13519 32
13295 13520 32
13295 13521 32
13295 13522 32
13296 13522 32
13297 13491 32
13298 13492 32
13298 13493 32
13299 13491 32
13299 13492 32
13299 13493 32
13299 13494 32
13299 13495 32
13300 13496 32
13300 13498 32
13300 13500 32
13301 13496 32
13301 13498 32
13301 13500 32
13301 13502 32
13301 13503 32
13301 13504 32
13302 13505 32
13303 13507 32
13304 13505 32
13304 13507 32
13304 13509 32
13304 13511 32
13304 13513 32
13305 13471 32
13306 13472 32
13307 13473 32
13308 13473 32
13309 13523 32
13312 13527 32
13313 13560 32
20820 20854 32
20820 20855 32
20820 20856 32
20820 20857 32
20821 20858 32
20820 20859 32
20822 20860 32
20823 20860 32
20824 20860 32
20820 20861 32
20820 20862 32
20820 20863 32
20825 20860 32
20826 20860 32
20827 20860 32
20820 20864 32
20820 20865 32
20820 20866 32
20828 20867 32
20829 20867 32
20830 20867 32
20831 20867 32
20832 20867 32
20833 20868 32
20834 20869 32
20835 20860 32
20820 20870 32
20820 20871 32
20820 20872 32
20836 20873 32
20837 20873 32
20838 20873 32
20820 20874 32
20820 20875 32
20820 20876 32
20820 20877 32
20820 20873 32
20820 20878 32
20820 20879 32
20820 20880 32
20820 20881 32
20820 20882 32
20820 20883 32
20820 20884 32
20820 20885 32
20820 20886 32
20820 20887 32
20820 20888 32
20820 20889 32
20820 20890 32
20820 20891 32
20820 20892 32
20820 20893 32
20820 20894 32
20820 20895 32
20820 20896 32
20839 20897 32
20820 20898 32
20820 20899 32
20839 20900 32
20839 20901 32
20840 20902 32
20841 20903 32
20820 20904 32
20820 20905 32
20820 20906 32
20842 20878 32
20843 20907 32
20843 20860 32
20820 20908 32
20820 20860 32
20844 20860 32
20845 20860 32
20846 20860 32
20820 20909 32
20820 20910 32
20847 21067 32
20820 21068 32
20820 21069 32
20848 21070 32
20849 21071 32
20848 21072 32
20849 21073 32
20850 21074 32
20848 21075 32
20849 21076 32
20850 21077 32
20851 21078 32
20852 21079 32
20853 21080 32
21201 21081 32
21201 21082 32
21201 21083 32
21201 21084 32
21202 21085 32
21201 21086 32
21201 21087 32
21203 21088 32
21201 21089 32
21201 21090 32
21201 21091 32
21201 21092 32
21201 21093 32
21201 21094 32
21204 21095 32
21205 21096 32
21206 21085 32
21201 21097 32
