21106 15165 33
21106 15165 33
21107 15069 33
21107 15069 33
21107 15165 33
21108 17155 33
21108 17234 33
21108 15165 33
21108 15069 33
21109 15167 33
21109 15167 33
21109 15167 33
21110 14777 33
21110 15165 33
21111 14777 33
21111 14777 33
21112 17234 33
21113 15165 33
21114 15165 33
21114 15069 33
21115 15165 33
21115 15069 33
21116 15165 33
21116 15069 33
21116 14900 33
21116 14900 33
21117 16293 33
21117 16689 33
21117 15165 33
21117 14918 33
21117 15069 33
21118 16308 33
21118 15165 33
21119 16308 33
21119 15165 33
21119 15069 33
21120 17234 33
21121 16063 33
21121 16079 33
21121 16039 33
21121 15976 33
21121 16008 33
21121 16362 33
21121 16362 33
21121 15165 33
21121 15165 33
21121 15069 33
21122 14657 33
21124 15381 33
21124 15980 33
21125 17234 33
21126 15258 33
21127 15258 33
21128 16063 33
21129 16063 33
21130 16633 33
21130 16653 33
21130 16365 33
21130 16641 33
21130 16365 33
21130 16633 33
21130 16365 33
21130 15258 33
21130 15788 33
21130 15788 33
21130 15792 33
21130 15792 33
21130 15792 33
21130 15258 33
21130 16365 33
21130 16654 33
21131 16308 33
21132 16308 33
21133 16365 33
21134 16008 33
21135 16008 33
21136 16372 33
21137 17234 33
21137 17155 33
21137 17579 33
21137 16368 33
21138 16841 33
21138 16830 33
21138 17059 33
21138 17057 33
21139 16365 33
21139 16365 33
21139 15258 33
21139 15258 33
21140 16333 33
21141 16063 33
21142 16063 33
21143 16374 33
21143 16374 33
21144 16633 33
21144 16653 33
21144 16365 33
21144 16365 33
21144 16641 33
21144 16365 33
21144 16633 33
21144 16365 33
21144 15258 33
21144 15788 33
21144 15788 33
21144 15792 33
21144 15792 33
21144 15792 33
21144 15258 33
21144 16365 33
21144 16654 33
21145 16365 33
21145 16365 33
21146 16008 33
21147 15312 33
21148 16351 33
21148 16598 33
21148 16370 33
21149 14786 33
21150 14904 33
21150 14900 33
21151 15154 33
21151 15183 33
21152 15154 33
21152 15183 33
21153 14628 33
21154 15183 33
21154 15152 33
21154 15165 33
21155 15154 33
21155 15183 33
21156 15013 33
21157 15022 33
21158 15167 33
21159 15165 33
21160 17234 33
21161 15165 33
21161 15067 33
21162 15165 33
21162 15067 33
21163 15165 33
21163 15072 33
21164 15037 33
21164 14819 33
21165 16047 33
21165 16047 33
21166 16047 33
21166 16008 33
21167 16008 33
21167 16133 33
21167 15990 33
21167 16140 33
21167 15926 33
21168 16008 33
21168 16039 33
21169 15187 33
21170 15183 33
21171 15154 33
21171 15183 33
21172 14819 33
21172 14819 33
21172 15022 33
21172 15013 33
21173 15165 33
21173 15165 33
21173 15152 33
21173 15183 33
21174 15006 33
21175 15022 33
21175 15013 33
21176 15165 33
21176 15165 33
21176 15152 33
21176 15183 33
21176 15183 33
21176 15013 33
21177 15183 33
21178 15183 33
21179 15022 33
21180 15022 33
21181 15022 33
21182 15022 33
21183 15022 33
21184 15022 33
21185 15022 33
21186 15022 33
21187 15022 33
21188 15022 33
21189 15022 33
21190 15022 33
21191 15022 33
21192 15022 33
21193 15022 33
21194 15022 33
21195 15022 33
